 1.4029009194e8 -29.916699999999995
 5.665e7 0.15439999999999915
 1.4029009194e8 -29.916699999999995
 3.51e7 -15.313500000000001
 1.4029009194e8 -29.916699999999995
 3.5990018089000005e8 48.5544
 1.4029009194e8 -29.916699999999995
 3.3865021959000003e8 -1519.4496999999997
 1.4029009194e8 -29.916699999999995
 3.0510009571e8 82.3936
 1.4029009194e8 -29.916699999999995
 1.5972011765e8 -47.5571
 1.4029009194e8 -29.916699999999995
 5.029e7 28.6185
 1.4029009194e8 -29.916699999999995
 9.17001375e7 48.5927
 1.4029009194e8 -29.916699999999995
 37970.0 -195.836
 1.4029009194e8 -29.916699999999995
 6.824005625e7 26.249599999999997
 1.4029009194e8 -29.916699999999995
 5.365018889e7 18.8481
 1.4029009194e8 -29.916699999999995
 3.0276e8 -4.888299999999998
 1.4029009194e8 -29.916699999999995
 5.1e8 102.6094
 1.4029009194e8 -29.916699999999995
 5960523.93 -61.444
 1.4029009194e8 -29.916699999999995
 1.2387e8 72.9055
 1.4029009194e8 -29.916699999999995
 1.049072195e7 10.662600000000003
 1.4029009194e8 -29.916699999999995
 9.82e7 101.94090000000003
 1.4029009194e8 -29.916699999999995
 2.1731e8 86.617
 1.4029009194e8 -29.916699999999995
 5.226e7 50.91609999999999
 1.4029009194e8 -29.916699999999995
 5.518e7 -32.4639
 1.4029009194e8 -29.916699999999995
 4.916e7 -58.0773
 1.4029009194e8 -29.916699999999995
 6.804027692e7 46.74790000000001
 1.4029009194e8 -29.916699999999995
 1.2206e8 110.4501
 1.4029009194e8 -29.916699999999995
 1.19137e9 86.84609999999999
 1.4029009194e8 -29.916699999999995
 5.645e7 119.84610000000002
 1.4029009194e8 -29.916699999999995
 2.10502e7 6.516200000000003
 1.4029009194e8 -29.916699999999995
 4.63e8 89.6584
 1.4029009194e8 -29.916699999999995
 2.902e7 1.1758000000000022
 1.4029009194e8 -29.916699999999995
 4.313023563e7 19.582500000000003
 1.4029009194e8 -29.916699999999995
 8.9832e8 14.2011
 1.4029009194e8 -29.916699999999995
 2.3510062e7 76.29809999999999
 1.4029009194e8 -29.916699999999995
 1.772e7 8.6453
 1.4029009194e8 -29.916699999999995
 1.36e7 1.1217999999999997
 1.4029009194e8 -29.916699999999995
 1.548e8 131.304
 1.4029009194e8 -29.916699999999995
 5.399026464e7 57.83930000000001
 1.4029009194e8 -29.916699999999995
 2.156018891e7 31.350600000000004
 1.4029009194e8 -29.916699999999995
 2.502005385e7 18.5997
 1.4029009194e8 -29.916699999999995
 1.792e7 -7.555
 1.4029009194e8 -29.916699999999995
 0.0 0.0
 1.4029009194e8 -29.916699999999995
 9.8334016601e8 143.8556
 1.4029009194e8 -29.916699999999995
 1.981e9 76.0
 1.4029009194e8 -29.916699999999995
 1.4029009194e8 -29.916699999999995
 1.4029009194e8 -29.916699999999995
 4.409e7 -26.974200000000007
 1.4029009194e8 -29.916699999999995
 1.771e7 15.605200000000002
 1.4029009194e8 -29.916699999999995
 4.664e7 38.6421
 1.4029009194e8 -29.916699999999995
 2.5955e8 9.957900000000011
 1.4029009194e8 -29.916699999999995
 1.0084e8 -39.02970000000001
 1.4029009194e8 -29.916699999999995
 6.543005833e7 2.7113000000000023
 1.4029009194e8 -29.916699999999995
 2.45801e7 8.290500000000002
 1.4029009194e8 -29.916699999999995
 4.3514006486e8 19.4868
 1.4029009194e8 -29.916699999999995
 1.811e7 69.3153
 1.4029009194e8 -29.916699999999995
 2.4210005714e8 59.4884
 1.4029009194e8 -29.916699999999995
 2.3713194002e8 2.339600000000001
 1.4029009194e8 -29.916699999999995
 4.8510028235e8 -23.119400000000002
 1.4029009194e8 -29.916699999999995
 1.25990044756e9 -133.36489999999998
 1.4029009194e8 -29.916699999999995
 1.5821006667e8 -2.8786999999999967
 1.4029009194e8 -29.916699999999995
 2.781e9 96.06999999999998
 1.4029009194e8 -29.916699999999995
 3.380215370899999e8 -21.663799999999995
 1.4029009194e8 -29.916699999999995
 0.0 21.0
 1.4029009194e8 -29.916699999999995
 2.2185006782e8 54.428900000000006
 1.4029009194e8 -29.916699999999995
 1.43753e9 78.1184
 1.4029009194e8 -29.916699999999995
 8.342056667e7 -20.599199999999996
 1.4029009194e8 -29.916699999999995
 1.3437e8 -11.798099999999998
 1.4029009194e8 -29.916699999999995
 2.112013333e7 -1.4948000000000035
 1.4029009194e8 -29.916699999999995
 1.23631e9 65.49080000000001
 1.4029009194e8 -29.916699999999995
 1.1379e8 3.9889000000000046
 1.4029009194e8 -29.916699999999995
 2.2910006062e9 104.44
 1.4029009194e8 -29.916699999999995
 3.52903e7 -25.864
 1.4029009194e8 -29.916699999999995
 1.0631829549799999e9 73.14
 1.4029009194e8 -29.916699999999995
 2.141789e7 -5.192000000000002
 1.4029009194e8 -29.916699999999995
 1.773e7 -2.010400000000001
 1.4029009194e8 -29.916699999999995
 7.910468e7 -0.5519000000000014
 1.4029009194e8 -29.916699999999995
 1.9620019231e8 27.929000000000002
 1.4029009194e8 -29.916699999999995
 7.9315006494e8 50.6026
 1.4029009194e8 -29.916699999999995
 2.37201337e7 33.001400000000004
 1.4029009194e8 -29.916699999999995
 3.102034737e7 -1.4881999999999984
 1.4029009194e8 -29.916699999999995
 7.115e7 4.3913
 1.4029009194e8 -29.916699999999995
 1.12881006069e9 165.19999999999996
 1.4029009194e8 -29.916699999999995
 6.4949e8 66.44870000000002
 1.4029009194e8 -29.916699999999995
 8.86e8 119.05000000000001
 1.4029009194e8 -29.916699999999995
 0.0 5.704000000000001
 1.4029009194e8 -29.916699999999995
 2.5587e8 78.0
 1.4029009194e8 -29.916699999999995
 2.296e7 11.0744
 1.4029009194e8 -29.916699999999995
 2.782e7 56.811400000000006
 1.4029009194e8 -29.916699999999995
 1.17748e9 70.8958
 1.4029009194e8 -29.916699999999995
 6.956516613299999e8 -89.9492
 1.4029009194e8 -29.916699999999995
 1.98e9 173.71
 1.4029009194e8 -29.916699999999995
 4.058e7 21.0727
 1.4029009194e8 -29.916699999999995
 397110.0 -32.02419999999999
 1.4029009194e8 -29.916699999999995
 1.056e7 12.944999999999999
 1.4029009194e8 -29.916699999999995
 2.898e7 48.092400000000005
 1.4029009194e8 -29.916699999999995
 2.9906008261e8 55.414699999999996
 1.4029009194e8 -29.916699999999995
 6.014102571e7 -14.460599999999998
 1.4029009194e8 -29.916699999999995
 7.13e8 26.1783
 1.4029009194e8 -29.916699999999995
 3.406e7 -23.914399999999997
 1.4029009194e8 -29.916699999999995
 2.0698e8 -26.9959
 1.4029009194e8 -29.916699999999995
 6.0779007257e8 52.846399999999996
 1.4029009194e8 -29.916699999999995
 1.7969e8 -31.000599999999995
 1.4029009194e8 -29.916699999999995
 8.578e7 36.9245
 1.4029009194e8 -29.916699999999995
 3.242e7 25.660000000000004
 1.4029009194e8 -29.916699999999995
 1.0745e8 17.9496
 1.4029009194e8 -29.916699999999995
 3.909026727e7 -5110026.907399999
 1.4029009194e8 -29.916699999999995
 1.60491028176e9 -14.45999999999999
 1.4029009194e8 -29.916699999999995
 1.251905151e8 9.497300000000003
 1.4029009194e8 -29.916699999999995
 4.997021333e7 7.6042
 1.4029009194e8 -29.916699999999995
 3.6083e8 9.9363
 1.4029009194e8 -29.916699999999995
 1.9399059345999998e8 23.7836
 1.4029009194e8 -29.916699999999995
 1.30186111e9 -94.05519999999997
 1.4029009194e8 -29.916699999999995
 3.3084e8 35.439299999999996
 1.4029009194e8 -29.916699999999995
 1.20263008661e9 140.5577
 1.4029009194e8 -29.916699999999995
 4.228e9 221.98000000000002
 1.4029009194e8 -29.916699999999995
 1.00600007874e9 106.87000000000002
 1.4029009194e8 -29.916699999999995
 2.113185859e7 36.87029999999999
 1.4029009194e8 -29.916699999999995
 9.2400016537e8 251.98000000000002
 1.4029009194e8 -29.916699999999995
 1.4040001147800002e9 84.81
 1.4029009194e8 -29.916699999999995
 2.467005833e7 -6.128400000000001
 1.4029009194e8 -29.916699999999995
 6.819303348699999e8 -4.394399999999998
 1.4029009194e8 -29.916699999999995
 5.688e9 142.87000000000003
 1.4029009194e8 -29.916699999999995
 1.699e7 6.730500000000002
 1.4029009194e8 -29.916699999999995
 8.414021818e7 -7.6922
 1.4029009194e8 -29.916699999999995
 4.554e7 -24.301199999999998
 1.4029009194e8 -29.916699999999995
 2.912e8 120.88450000000003
 1.4029009194e8 -29.916699999999995
 1.03865e9 56.256299999999996
 1.4029009194e8 -29.916699999999995
 1.8596e8 28.2805
 1.4029009194e8 -29.916699999999995
 2.095e8 -25.419900000000002
 1.4029009194e8 -29.916699999999995
 3.918006667e7 44.6123
 1.4029009194e8 -29.916699999999995
 3.43300014675e9 36.9585
 1.4029009194e8 -29.916699999999995
 3.3683012987e8 -12.758099999999999
 1.4029009194e8 -29.916699999999995
 3.597008182e7 23.286
 1.4029009194e8 -29.916699999999995
 1.2493001289e8 13.582799999999999
 1.4029009194e8 -29.916699999999995
 9.0336e8 31.4206
 1.4029009194e8 -29.916699999999995
 9.9058284609e8 13.2981
 1.4029009194e8 -29.916699999999995
 1.51105e9 33.797
 1.4029009194e8 -29.916699999999995
 2.5633973e8 180.92
 1.4029009194e8 -29.916699999999995
 7.857705073e7 19.249100000000002
 1.4029009194e8 -29.916699999999995
 9.3522e8 30.941000000000003
 1.4029009194e8 -29.916699999999995
 9.933001e7 43.3376
 1.4029009194e8 -29.916699999999995
 0.0 0.0
 1.4029009194e8 -29.916699999999995
 7.3765e8 39.056200000000004
 1.4029009194e8 -29.916699999999995
 5.7948e8 104.19
 1.4029009194e8 -29.916699999999995
 7.9805857e8 47.5705
 1.4029009194e8 -29.916699999999995
 1.0425800502e9 1.7366
 1.4029009194e8 -29.916699999999995
 1.6380306e8 68.1647
 1.4029009194e8 -29.916699999999995
 5.2471586e8 47.7528
 1.4029009194e8 -29.916699999999995
 4.0740015236e8 8.3378
 1.4029009194e8 -29.916699999999995
 3.9329e8 29.9922
 1.4029009194e8 -29.916699999999995
 2.4318e8 80.68
 1.4029009194e8 -29.916699999999995
 8.4857624e8 44.2159
 1.4029009194e8 -29.916699999999995
 4.3565485e8 70.47730000000001
 1.4029009194e8 -29.916699999999995
 4.0529414e8 99.22999999999999
 1.4029009194e8 -29.916699999999995
 5.1712573e8 42.1674
 1.4029009194e8 -29.916699999999995
 1.055173329e8 6.6379
 1.4029009194e8 -29.916699999999995
 8.8247336e8 44.8902
 1.4029009194e8 -29.916699999999995
 4.8613084e8 22.139300000000002
 1.4029009194e8 -29.916699999999995
 5.0292028138e8 70.27
 1.4029009194e8 -29.916699999999995
 1.3667311245e8 1.7923999999999998
 1.4029009194e8 -29.916699999999995
 8.456626145e7 27.5731
 1.4029009194e8 -29.916699999999995
 2.3390262e8 159.59
 1.4029009194e8 -29.916699999999995
 1.8579718e8 71.9413
 1.4029009194e8 -29.916699999999995
 6.118344679e7 1.2007
 1.4029009194e8 -29.916699999999995
 1.07805e9 43.3395
 1.4029009194e8 -29.916699999999995
 89300.0 34.5
 1.4029009194e8 -29.916699999999995
 4.7348668e8 41.198800000000006
 1.4029009194e8 -29.916699999999995
 2.1232825e8 48.3532
 1.4029009194e8 -29.916699999999995
 1.9618666407e8 0.5449999999999999
 1.4029009194e8 -29.916699999999995
 8.4496e8 35.8268
 1.4029009194e8 -29.916699999999995
 2.4644495e8 77.1606
 1.4029009194e8 -29.916699999999995
 3.4275e8 39.710300000000004
 1.4029009194e8 -29.916699999999995
 2.4709268183e8 49.7021
 1.4029009194e8 -29.916699999999995
 1.5197435e8 165.43
 1.4029009194e8 -29.916699999999995
 1.639412651e7 11.486
 1.4029009194e8 -29.916699999999995
 1.54011e9 27.2609
 1.4029009194e8 -29.916699999999995
 4.73e8 17.4471
 1.4029009194e8 -29.916699999999995
 6.6520603e8 52.7444
 1.4029009194e8 -29.916699999999995
 1.41279602e9 35.67999999999999
 1.4029009194e8 -29.916699999999995
 2.137907e8 28.7917
 1.4029009194e8 -29.916699999999995
 1.164e7 0.1641
 1.4029009194e8 -29.916699999999995
 1.131634e8 45.472500000000004
 1.4029009194e8 -29.916699999999995
 4.4638e8 44.403
 1.4029009194e8 -29.916699999999995
 1310730.0 0.9265
 1.4029009194e8 -29.916699999999995
 0.0 0.1598
 1.4029009194e8 -29.916699999999995
 1.08812e9 19.2027
 1.4029009194e8 -29.916699999999995
 9.9276e8 32.5041
 1.4029009194e8 -29.916699999999995
 2.140561e8 75.4993
 1.4029009194e8 -29.916699999999995
 6.6989e8 55.1848
 1.4029009194e8 -29.916699999999995
 2.8051328052e8 16.3938
 1.4029009194e8 -29.916699999999995
 1.7018992589e8 14.2275
 1.4029009194e8 -29.916699999999995
 1.26575e9 37.6656
 1.4029009194e8 -29.916699999999995
 7.4794057516e8 1.2729000000000001
 1.4029009194e8 -29.916699999999995
 3.9666587e8 53.426199999999994
 1.4029009194e8 -29.916699999999995
 5.6928e8 74.9433
 1.4029009194e8 -29.916699999999995
 5.304656723e7 13.638100000000001
 1.4029009194e8 -29.916699999999995
 3.8584731853e8 43.04
 1.4029009194e8 -29.916699999999995
 8.6162783622e8 19.7295
 1.4029009194e8 -29.916699999999995
 7.2434873e8 30.7984
 1.4029009194e8 -29.916699999999995
 9.8995e8 31.403799999999997
 1.4029009194e8 -29.916699999999995
 8.541e7 44.2083
 1.4029009194e8 -29.916699999999995
 6.2436714211e8 0.5156000000000001
 1.4029009194e8 -29.916699999999995
 1.3030299337e8 1.3067
 1.4029009194e8 -29.916699999999995
 1.84623e9 68.0483
 1.4029009194e8 -29.916699999999995
 8.9953333e8 49.3714
 1.4029009194e8 -29.916699999999995
 1.6230677e8 50.771499999999996
 1.4029009194e8 -29.916699999999995
 3.4378213294e8 1.0234
 1.4029009194e8 -29.916699999999995
 5.7038934e8 46.1024
 1.4029009194e8 -29.916699999999995
 1.473320971e8 60.79
 1.4029009194e8 -29.916699999999995
 1.02964e9 32.9636
 1.4029009194e8 -29.916699999999995
 39600.0 38.09
 1.4029009194e8 -29.916699999999995
 3.0895009194e8 1.9944
 1.4029009194e8 -29.916699999999995
 1.8536807208e8 45.760000000000005
 1.4029009194e8 -29.916699999999995
 5.122862e7 42.346000000000004
 1.4029009194e8 -29.916699999999995
 2029999.9999999998 75.91890000000001
 1.4029009194e8 -29.916699999999995
 9.1761411832e8 1.0396999999999998
 1.4029009194e8 -29.916699999999995
 6.8421324e8 51.7172
 1.4029009194e8 -29.916699999999995
 18640.0 63.33
 1.4029009194e8 -29.916699999999995
 2.7548e8 51.502
 1.4029009194e8 -29.916699999999995
 7.5635e8 16.0225
 1.4029009194e8 -29.916699999999995
 5.151900509e8 8.082
 1.4029009194e8 -29.916699999999995
 3.6464005231e8 1.2025
 1.4029009194e8 -29.916699999999995
 8.867202e7 52.8734
 1.4029009194e8 -29.916699999999995
 2.8049e8 31.000899999999998
 1.4029009194e8 -29.916699999999995
 4.6812918e8 58.9832
 1.4029009194e8 -29.916699999999995
 1.8548287e8 41.050000000000004
 1.4029009194e8 -29.916699999999995
 5.4780965839e8 4.7773
 1.4029009194e8 -29.916699999999995
 5.3933e8 14.1892
 1.4029009194e8 -29.916699999999995
 8.9646631e8 66.4328
 1.4029009194e8 -29.916699999999995
 8.6643e8 44.4613
 1.4029009194e8 -29.916699999999995
 5.0264e8 29.0996
 1.4029009194e8 -29.916699999999995
 5.503e8 68.5715
 1.4029009194e8 -29.916699999999995
 5.94182011e7 2.7824
 1.4029009194e8 -29.916699999999995
 6.891972251e8 3.9031000000000002
 1.4029009194e8 -29.916699999999995
 9.1502e8 61.0066
 1.4029009194e8 -29.916699999999995
 2.3543189e8 46.233399999999996
 1.4029009194e8 -29.916699999999995
 4.1272293e8 20.8354
 1.4029009194e8 -29.916699999999995
 4.8992211687e8 1.0057
 1.4029009194e8 -29.916699999999995
 2.7108005902e8 0.108
 1.4029009194e8 -29.916699999999995
 2510.0 21.46
 1.4029009194e8 -29.916699999999995
 1.87644808e9 9.000000000000001e-3
 1.4029009194e8 -29.916699999999995
 8.99900913e8 -1.4424000000000001
 1.4029009194e8 -29.916699999999995
 8450000.0 0.29200000000000004
 1.4029009194e8 -29.916699999999995
 5.6789054494e8 9.187000000000001
 1.4029009194e8 -29.916699999999995
 6.1618e8 38.186899999999994
 1.4029009194e8 -29.916699999999995
 3.9024e8 53.164100000000005
 1.4029009194e8 -29.916699999999995
 3.6586e8 60.2581
 1.4029009194e8 -29.916699999999995
 123030.0 0.3507
 1.4029009194e8 -29.916699999999995
 4.2506e8 32.380300000000005
 1.4029009194e8 -29.916699999999995
 4.782300732e8 0.6220000000000001
 1.4029009194e8 -29.916699999999995
 513040.0 3.6871
 1.4029009194e8 -29.916699999999995
 6.712e8 72.24
 1.4029009194e8 -29.916699999999995
 1.11548503e9 38.302
 4.409e7 -26.974200000000007
 5.665e7 0.15439999999999915
 4.409e7 -26.974200000000007
 3.51e7 -15.313500000000001
 4.409e7 -26.974200000000007
 3.5990018089000005e8 48.5544
 4.409e7 -26.974200000000007
 3.3865021959000003e8 -1519.4496999999997
 4.409e7 -26.974200000000007
 3.0510009571e8 82.3936
 4.409e7 -26.974200000000007
 1.5972011765e8 -47.5571
 4.409e7 -26.974200000000007
 5.029e7 28.6185
 4.409e7 -26.974200000000007
 9.17001375e7 48.5927
 4.409e7 -26.974200000000007
 37970.0 -195.836
 4.409e7 -26.974200000000007
 6.824005625e7 26.249599999999997
 4.409e7 -26.974200000000007
 5.365018889e7 18.8481
 4.409e7 -26.974200000000007
 3.0276e8 -4.888299999999998
 4.409e7 -26.974200000000007
 5.1e8 102.6094
 4.409e7 -26.974200000000007
 5960523.93 -61.444
 4.409e7 -26.974200000000007
 1.2387e8 72.9055
 4.409e7 -26.974200000000007
 1.049072195e7 10.662600000000003
 4.409e7 -26.974200000000007
 9.82e7 101.94090000000003
 4.409e7 -26.974200000000007
 2.1731e8 86.617
 4.409e7 -26.974200000000007
 5.226e7 50.91609999999999
 4.409e7 -26.974200000000007
 5.518e7 -32.4639
 4.409e7 -26.974200000000007
 4.916e7 -58.0773
 4.409e7 -26.974200000000007
 6.804027692e7 46.74790000000001
 4.409e7 -26.974200000000007
 1.2206e8 110.4501
 4.409e7 -26.974200000000007
 1.19137e9 86.84609999999999
 4.409e7 -26.974200000000007
 5.645e7 119.84610000000002
 4.409e7 -26.974200000000007
 2.10502e7 6.516200000000003
 4.409e7 -26.974200000000007
 4.63e8 89.6584
 4.409e7 -26.974200000000007
 2.902e7 1.1758000000000022
 4.409e7 -26.974200000000007
 4.313023563e7 19.582500000000003
 4.409e7 -26.974200000000007
 8.9832e8 14.2011
 4.409e7 -26.974200000000007
 2.3510062e7 76.29809999999999
 4.409e7 -26.974200000000007
 1.772e7 8.6453
 4.409e7 -26.974200000000007
 1.36e7 1.1217999999999997
 4.409e7 -26.974200000000007
 1.548e8 131.304
 4.409e7 -26.974200000000007
 5.399026464e7 57.83930000000001
 4.409e7 -26.974200000000007
 2.156018891e7 31.350600000000004
 4.409e7 -26.974200000000007
 2.502005385e7 18.5997
 4.409e7 -26.974200000000007
 1.792e7 -7.555
 4.409e7 -26.974200000000007
 0.0 0.0
 4.409e7 -26.974200000000007
 9.8334016601e8 143.8556
 4.409e7 -26.974200000000007
 1.981e9 76.0
 4.409e7 -26.974200000000007
 1.4029009194e8 -29.916699999999995
 4.409e7 -26.974200000000007
 4.409e7 -26.974200000000007
 4.409e7 -26.974200000000007
 1.771e7 15.605200000000002
 4.409e7 -26.974200000000007
 4.664e7 38.6421
 4.409e7 -26.974200000000007
 2.5955e8 9.957900000000011
 4.409e7 -26.974200000000007
 1.0084e8 -39.02970000000001
 4.409e7 -26.974200000000007
 6.543005833e7 2.7113000000000023
 4.409e7 -26.974200000000007
 2.45801e7 8.290500000000002
 4.409e7 -26.974200000000007
 4.3514006486e8 19.4868
 4.409e7 -26.974200000000007
 1.811e7 69.3153
 4.409e7 -26.974200000000007
 2.4210005714e8 59.4884
 4.409e7 -26.974200000000007
 2.3713194002e8 2.339600000000001
 4.409e7 -26.974200000000007
 4.8510028235e8 -23.119400000000002
 4.409e7 -26.974200000000007
 1.25990044756e9 -133.36489999999998
 4.409e7 -26.974200000000007
 1.5821006667e8 -2.8786999999999967
 4.409e7 -26.974200000000007
 2.781e9 96.06999999999998
 4.409e7 -26.974200000000007
 3.380215370899999e8 -21.663799999999995
 4.409e7 -26.974200000000007
 0.0 21.0
 4.409e7 -26.974200000000007
 2.2185006782e8 54.428900000000006
 4.409e7 -26.974200000000007
 1.43753e9 78.1184
 4.409e7 -26.974200000000007
 8.342056667e7 -20.599199999999996
 4.409e7 -26.974200000000007
 1.3437e8 -11.798099999999998
 4.409e7 -26.974200000000007
 2.112013333e7 -1.4948000000000035
 4.409e7 -26.974200000000007
 1.23631e9 65.49080000000001
 4.409e7 -26.974200000000007
 1.1379e8 3.9889000000000046
 4.409e7 -26.974200000000007
 2.2910006062e9 104.44
 4.409e7 -26.974200000000007
 3.52903e7 -25.864
 4.409e7 -26.974200000000007
 1.0631829549799999e9 73.14
 4.409e7 -26.974200000000007
 2.141789e7 -5.192000000000002
 4.409e7 -26.974200000000007
 1.773e7 -2.010400000000001
 4.409e7 -26.974200000000007
 7.910468e7 -0.5519000000000014
 4.409e7 -26.974200000000007
 1.9620019231e8 27.929000000000002
 4.409e7 -26.974200000000007
 7.9315006494e8 50.6026
 4.409e7 -26.974200000000007
 2.37201337e7 33.001400000000004
 4.409e7 -26.974200000000007
 3.102034737e7 -1.4881999999999984
 4.409e7 -26.974200000000007
 7.115e7 4.3913
 4.409e7 -26.974200000000007
 1.12881006069e9 165.19999999999996
 4.409e7 -26.974200000000007
 6.4949e8 66.44870000000002
 4.409e7 -26.974200000000007
 8.86e8 119.05000000000001
 4.409e7 -26.974200000000007
 0.0 5.704000000000001
 4.409e7 -26.974200000000007
 2.5587e8 78.0
 4.409e7 -26.974200000000007
 2.296e7 11.0744
 4.409e7 -26.974200000000007
 2.782e7 56.811400000000006
 4.409e7 -26.974200000000007
 1.17748e9 70.8958
 4.409e7 -26.974200000000007
 6.956516613299999e8 -89.9492
 4.409e7 -26.974200000000007
 1.98e9 173.71
 4.409e7 -26.974200000000007
 4.058e7 21.0727
 4.409e7 -26.974200000000007
 397110.0 -32.02419999999999
 4.409e7 -26.974200000000007
 1.056e7 12.944999999999999
 4.409e7 -26.974200000000007
 2.898e7 48.092400000000005
 4.409e7 -26.974200000000007
 2.9906008261e8 55.414699999999996
 4.409e7 -26.974200000000007
 6.014102571e7 -14.460599999999998
 4.409e7 -26.974200000000007
 7.13e8 26.1783
 4.409e7 -26.974200000000007
 3.406e7 -23.914399999999997
 4.409e7 -26.974200000000007
 2.0698e8 -26.9959
 4.409e7 -26.974200000000007
 6.0779007257e8 52.846399999999996
 4.409e7 -26.974200000000007
 1.7969e8 -31.000599999999995
 4.409e7 -26.974200000000007
 8.578e7 36.9245
 4.409e7 -26.974200000000007
 3.242e7 25.660000000000004
 4.409e7 -26.974200000000007
 1.0745e8 17.9496
 4.409e7 -26.974200000000007
 3.909026727e7 -5110026.907399999
 4.409e7 -26.974200000000007
 1.60491028176e9 -14.45999999999999
 4.409e7 -26.974200000000007
 1.251905151e8 9.497300000000003
 4.409e7 -26.974200000000007
 4.997021333e7 7.6042
 4.409e7 -26.974200000000007
 3.6083e8 9.9363
 4.409e7 -26.974200000000007
 1.9399059345999998e8 23.7836
 4.409e7 -26.974200000000007
 1.30186111e9 -94.05519999999997
 4.409e7 -26.974200000000007
 3.3084e8 35.439299999999996
 4.409e7 -26.974200000000007
 1.20263008661e9 140.5577
 4.409e7 -26.974200000000007
 4.228e9 221.98000000000002
 4.409e7 -26.974200000000007
 1.00600007874e9 106.87000000000002
 4.409e7 -26.974200000000007
 2.113185859e7 36.87029999999999
 4.409e7 -26.974200000000007
 9.2400016537e8 251.98000000000002
 4.409e7 -26.974200000000007
 1.4040001147800002e9 84.81
 4.409e7 -26.974200000000007
 2.467005833e7 -6.128400000000001
 4.409e7 -26.974200000000007
 6.819303348699999e8 -4.394399999999998
 4.409e7 -26.974200000000007
 5.688e9 142.87000000000003
 4.409e7 -26.974200000000007
 1.699e7 6.730500000000002
 4.409e7 -26.974200000000007
 8.414021818e7 -7.6922
 4.409e7 -26.974200000000007
 4.554e7 -24.301199999999998
 4.409e7 -26.974200000000007
 2.912e8 120.88450000000003
 4.409e7 -26.974200000000007
 1.03865e9 56.256299999999996
 4.409e7 -26.974200000000007
 1.8596e8 28.2805
 4.409e7 -26.974200000000007
 2.095e8 -25.419900000000002
 4.409e7 -26.974200000000007
 3.918006667e7 44.6123
 4.409e7 -26.974200000000007
 3.43300014675e9 36.9585
 4.409e7 -26.974200000000007
 3.3683012987e8 -12.758099999999999
 4.409e7 -26.974200000000007
 3.597008182e7 23.286
 4.409e7 -26.974200000000007
 1.2493001289e8 13.582799999999999
 4.409e7 -26.974200000000007
 9.0336e8 31.4206
 4.409e7 -26.974200000000007
 9.9058284609e8 13.2981
 4.409e7 -26.974200000000007
 1.51105e9 33.797
 4.409e7 -26.974200000000007
 2.5633973e8 180.92
 4.409e7 -26.974200000000007
 7.857705073e7 19.249100000000002
 4.409e7 -26.974200000000007
 9.3522e8 30.941000000000003
 4.409e7 -26.974200000000007
 9.933001e7 43.3376
 4.409e7 -26.974200000000007
 0.0 0.0
 4.409e7 -26.974200000000007
 7.3765e8 39.056200000000004
 4.409e7 -26.974200000000007
 5.7948e8 104.19
 4.409e7 -26.974200000000007
 7.9805857e8 47.5705
 4.409e7 -26.974200000000007
 1.0425800502e9 1.7366
 4.409e7 -26.974200000000007
 1.6380306e8 68.1647
 4.409e7 -26.974200000000007
 5.2471586e8 47.7528
 4.409e7 -26.974200000000007
 4.0740015236e8 8.3378
 4.409e7 -26.974200000000007
 3.9329e8 29.9922
 4.409e7 -26.974200000000007
 2.4318e8 80.68
 4.409e7 -26.974200000000007
 8.4857624e8 44.2159
 4.409e7 -26.974200000000007
 4.3565485e8 70.47730000000001
 4.409e7 -26.974200000000007
 4.0529414e8 99.22999999999999
 4.409e7 -26.974200000000007
 5.1712573e8 42.1674
 4.409e7 -26.974200000000007
 1.055173329e8 6.6379
 4.409e7 -26.974200000000007
 8.8247336e8 44.8902
 4.409e7 -26.974200000000007
 4.8613084e8 22.139300000000002
 4.409e7 -26.974200000000007
 5.0292028138e8 70.27
 4.409e7 -26.974200000000007
 1.3667311245e8 1.7923999999999998
 4.409e7 -26.974200000000007
 8.456626145e7 27.5731
 4.409e7 -26.974200000000007
 2.3390262e8 159.59
 4.409e7 -26.974200000000007
 1.8579718e8 71.9413
 4.409e7 -26.974200000000007
 6.118344679e7 1.2007
 4.409e7 -26.974200000000007
 1.07805e9 43.3395
 4.409e7 -26.974200000000007
 89300.0 34.5
 4.409e7 -26.974200000000007
 4.7348668e8 41.198800000000006
 4.409e7 -26.974200000000007
 2.1232825e8 48.3532
 4.409e7 -26.974200000000007
 1.9618666407e8 0.5449999999999999
 4.409e7 -26.974200000000007
 8.4496e8 35.8268
 4.409e7 -26.974200000000007
 2.4644495e8 77.1606
 4.409e7 -26.974200000000007
 3.4275e8 39.710300000000004
 4.409e7 -26.974200000000007
 2.4709268183e8 49.7021
 4.409e7 -26.974200000000007
 1.5197435e8 165.43
 4.409e7 -26.974200000000007
 1.639412651e7 11.486
 4.409e7 -26.974200000000007
 1.54011e9 27.2609
 4.409e7 -26.974200000000007
 4.73e8 17.4471
 4.409e7 -26.974200000000007
 6.6520603e8 52.7444
 4.409e7 -26.974200000000007
 1.41279602e9 35.67999999999999
 4.409e7 -26.974200000000007
 2.137907e8 28.7917
 4.409e7 -26.974200000000007
 1.164e7 0.1641
 4.409e7 -26.974200000000007
 1.131634e8 45.472500000000004
 4.409e7 -26.974200000000007
 4.4638e8 44.403
 4.409e7 -26.974200000000007
 1310730.0 0.9265
 4.409e7 -26.974200000000007
 0.0 0.1598
 4.409e7 -26.974200000000007
 1.08812e9 19.2027
 4.409e7 -26.974200000000007
 9.9276e8 32.5041
 4.409e7 -26.974200000000007
 2.140561e8 75.4993
 4.409e7 -26.974200000000007
 6.6989e8 55.1848
 4.409e7 -26.974200000000007
 2.8051328052e8 16.3938
 4.409e7 -26.974200000000007
 1.7018992589e8 14.2275
 4.409e7 -26.974200000000007
 1.26575e9 37.6656
 4.409e7 -26.974200000000007
 7.4794057516e8 1.2729000000000001
 4.409e7 -26.974200000000007
 3.9666587e8 53.426199999999994
 4.409e7 -26.974200000000007
 5.6928e8 74.9433
 4.409e7 -26.974200000000007
 5.304656723e7 13.638100000000001
 4.409e7 -26.974200000000007
 3.8584731853e8 43.04
 4.409e7 -26.974200000000007
 8.6162783622e8 19.7295
 4.409e7 -26.974200000000007
 7.2434873e8 30.7984
 4.409e7 -26.974200000000007
 9.8995e8 31.403799999999997
 4.409e7 -26.974200000000007
 8.541e7 44.2083
 4.409e7 -26.974200000000007
 6.2436714211e8 0.5156000000000001
 4.409e7 -26.974200000000007
 1.3030299337e8 1.3067
 4.409e7 -26.974200000000007
 1.84623e9 68.0483
 4.409e7 -26.974200000000007
 8.9953333e8 49.3714
 4.409e7 -26.974200000000007
 1.6230677e8 50.771499999999996
 4.409e7 -26.974200000000007
 3.4378213294e8 1.0234
 4.409e7 -26.974200000000007
 5.7038934e8 46.1024
 4.409e7 -26.974200000000007
 1.473320971e8 60.79
 4.409e7 -26.974200000000007
 1.02964e9 32.9636
 4.409e7 -26.974200000000007
 39600.0 38.09
 4.409e7 -26.974200000000007
 3.0895009194e8 1.9944
 4.409e7 -26.974200000000007
 1.8536807208e8 45.760000000000005
 4.409e7 -26.974200000000007
 5.122862e7 42.346000000000004
 4.409e7 -26.974200000000007
 2029999.9999999998 75.91890000000001
 4.409e7 -26.974200000000007
 9.1761411832e8 1.0396999999999998
 4.409e7 -26.974200000000007
 6.8421324e8 51.7172
 4.409e7 -26.974200000000007
 18640.0 63.33
 4.409e7 -26.974200000000007
 2.7548e8 51.502
 4.409e7 -26.974200000000007
 7.5635e8 16.0225
 4.409e7 -26.974200000000007
 5.151900509e8 8.082
 4.409e7 -26.974200000000007
 3.6464005231e8 1.2025
 4.409e7 -26.974200000000007
 8.867202e7 52.8734
 4.409e7 -26.974200000000007
 2.8049e8 31.000899999999998
 4.409e7 -26.974200000000007
 4.6812918e8 58.9832
 4.409e7 -26.974200000000007
 1.8548287e8 41.050000000000004
 4.409e7 -26.974200000000007
 5.4780965839e8 4.7773
 4.409e7 -26.974200000000007
 5.3933e8 14.1892
 4.409e7 -26.974200000000007
 8.9646631e8 66.4328
 4.409e7 -26.974200000000007
 8.6643e8 44.4613
 4.409e7 -26.974200000000007
 5.0264e8 29.0996
 4.409e7 -26.974200000000007
 5.503e8 68.5715
 4.409e7 -26.974200000000007
 5.94182011e7 2.7824
 4.409e7 -26.974200000000007
 6.891972251e8 3.9031000000000002
 4.409e7 -26.974200000000007
 9.1502e8 61.0066
 4.409e7 -26.974200000000007
 2.3543189e8 46.233399999999996
 4.409e7 -26.974200000000007
 4.1272293e8 20.8354
 4.409e7 -26.974200000000007
 4.8992211687e8 1.0057
 4.409e7 -26.974200000000007
 2.7108005902e8 0.108
 4.409e7 -26.974200000000007
 2510.0 21.46
 4.409e7 -26.974200000000007
 1.87644808e9 9.000000000000001e-3
 4.409e7 -26.974200000000007
 8.99900913e8 -1.4424000000000001
 4.409e7 -26.974200000000007
 8450000.0 0.29200000000000004
 4.409e7 -26.974200000000007
 5.6789054494e8 9.187000000000001
 4.409e7 -26.974200000000007
 6.1618e8 38.186899999999994
 4.409e7 -26.974200000000007
 3.9024e8 53.164100000000005
 4.409e7 -26.974200000000007
 3.6586e8 60.2581
 4.409e7 -26.974200000000007
 123030.0 0.3507
 4.409e7 -26.974200000000007
 4.2506e8 32.380300000000005
 4.409e7 -26.974200000000007
 4.782300732e8 0.6220000000000001
 4.409e7 -26.974200000000007
 513040.0 3.6871
 4.409e7 -26.974200000000007
 6.712e8 72.24
 4.409e7 -26.974200000000007
 1.11548503e9 38.302
