 5.4656977421976775e7 633.5882151501334
 8115958.732090169 924.5961076014246
 5.4656977421976775e7 633.5882151501334
 9390347.063524632 387.79887729132236
 5.4656977421976775e7 633.5882151501334
 1.3594514173031744e7 620.7074935561368
 5.4656977421976775e7 633.5882151501334
 9683264.023492422 841.6060196025763
 5.4656977421976775e7 633.5882151501334
 1.02918254157625e7 738.6072931242912
 5.4656977421976775e7 633.5882151501334
 1.035192900674881e7 677.7632622702621
 5.4656977421976775e7 633.5882151501334
 8612336.615834726 576.735216092854
 5.4656977421976775e7 633.5882151501334
 1.1054578174682185e7 706.9179329728266
 5.4656977421976775e7 633.5882151501334
 8168195.678615676 607.2903603261326
 5.4656977421976775e7 633.5882151501334
 1.016697502836803e7 339.4726222009372
 5.4656977421976775e7 633.5882151501334
 9348162.617329733 698.6585053082658
 5.4656977421976775e7 633.5882151501334
 1.2069188815590773e7 1077.8250212434907
 5.4656977421976775e7 633.5882151501334
 9571473.797039546 1149.8949517943809
 5.4656977421976775e7 633.5882151501334
 1.1923908409257542e7 741.7905603424106
 5.4656977421976775e7 633.5882151501334
 6519984.413252162 1011.5189937881728
 5.4656977421976775e7 633.5882151501334
 1.2941164404054008e7 881.7733364207262
 5.4656977421976775e7 633.5882151501334
 7262200.137562009 838.6418150666375
 5.4656977421976775e7 633.5882151501334
 1.1459628877760682e7 548.4207252734557
 5.4656977421976775e7 633.5882151501334
 1.0969012549341552e7 764.6057169261351
 5.4656977421976775e7 633.5882151501334
 9388446.96311835 638.473591980615
 5.4656977421976775e7 633.5882151501334
 1.1001842281222416e7 541.6487298196157
 5.4656977421976775e7 633.5882151501334
 1.1115906137878353e7 646.2124654172062
 5.4656977421976775e7 633.5882151501334
 8468612.870206116 661.8197732101763
 5.4656977421976775e7 633.5882151501334
 9977537.500750205 668.4292067223794
 5.4656977421976775e7 633.5882151501334
 1.077237529657002e7 710.7048087166128
 5.4656977421976775e7 633.5882151501334
 1.3003940447000505e7 822.9694891969004
 5.4656977421976775e7 633.5882151501334
 1.139242149488803e7 772.6333084761278
 5.4656977421976775e7 633.5882151501334
 8567891.275800109 614.9007660330958
 5.4656977421976775e7 633.5882151501334
 1.0646000993074343e7 805.4412748249773
 5.4656977421976775e7 633.5882151501334
 1.0570229466975156e7 558.3628558376596
 5.4656977421976775e7 633.5882151501334
 1.2552766640556056e7 530.5086019680339
 5.4656977421976775e7 633.5882151501334
 1.0416918281887682e7 866.3376085021168
 5.4656977421976775e7 633.5882151501334
 1.0272123320256906e7 869.1030448701288
 5.4656977421976775e7 633.5882151501334
 1.0511765664030656e7 594.0462323211755
 5.4656977421976775e7 633.5882151501334
 9843385.558329346 782.790782305521
 5.4656977421976775e7 633.5882151501334
 1.0326983545867769e7 640.7639447855869
 5.4656977421976775e7 633.5882151501334
 1.1404194212174272e7 871.393020728467
 5.4656977421976775e7 633.5882151501334
 7616034.688260943 827.938501990305
 5.4656977421976775e7 633.5882151501334
 1.1702632176643398e7 816.5647052422261
 5.4656977421976775e7 633.5882151501334
 1.0061572198039468e7 817.3545164902209
 5.4656977421976775e7 633.5882151501334
 7882328.364622731 1010.0846009407047
 5.4656977421976775e7 633.5882151501334
 7378257.826985719 945.3060939207961
 5.4656977421976775e7 633.5882151501334
 7774603.057251008 786.1430051784374
 5.4656977421976775e7 633.5882151501334
 8187466.01046188 668.4071419880971
 5.4656977421976775e7 633.5882151501334
 1.0324578284191186e7 523.8002841465865
 5.4656977421976775e7 633.5882151501334
 1.2026569088723889e7 610.1238686909509
 5.4656977421976775e7 633.5882151501334
 7102645.887487115 624.7605597288125
 5.4656977421976775e7 633.5882151501334
 8368247.058977199 703.745995870761
 5.4656977421976775e7 633.5882151501334
 1.0169659155662712e7 799.9031105472909
 5.4656977421976775e7 633.5882151501334
 1.0478569181614302e7 296.23261281007524
 5.4656977421976775e7 633.5882151501334
 2.9684947590987418e7 492.63442602489727
 5.4656977421976775e7 633.5882151501334
 3.014143294277447e7 447.80492795447003
 5.4656977421976775e7 633.5882151501334
 2.9794042096230056e7 579.0918486995937
 5.4656977421976775e7 633.5882151501334
 3.0589660111897964e7 298.2527824148743
 5.4656977421976775e7 633.5882151501334
 2.944695455729069e7 473.17103839735194
 5.4656977421976775e7 633.5882151501334
 3.060144694262906e7 541.168127605083
 5.4656977421976775e7 633.5882151501334
 3.015132292071615e7 -325.6850501907738
 5.4656977421976775e7 633.5882151501334
 3.2535563405240707e7 412.2750730849776
 5.4656977421976775e7 633.5882151501334
 3.112709140206908e7 501.90355188194326
 5.4656977421976775e7 633.5882151501334
 2.9448143862286847e7 722.7879542112058
 5.4656977421976775e7 633.5882151501334
 2.9056439862631854e7 255.74031471814519
 5.4656977421976775e7 633.5882151501334
 3.116898351355738e7 472.00291585370155
 5.4656977421976775e7 633.5882151501334
 3.1517434048383974e7 194.6418199146684
 5.4656977421976775e7 633.5882151501334
 3.0573179524280984e7 517.4171379005134
 5.4656977421976775e7 633.5882151501334
 2.8992488020000983e7 239.90848547309346
 5.4656977421976775e7 633.5882151501334
 2.7572142809352845e7 800.6207771208753
 5.4656977421976775e7 633.5882151501334
 3.018511327861465e7 500.6807750339303
 5.4656977421976775e7 633.5882151501334
 3.0722151180651687e7 69.33580359682784
 5.4656977421976775e7 633.5882151501334
 2.9723556239273008e7 404.9641616691117
 5.4656977421976775e7 633.5882151501334
 2.9118153912041105e7 472.880773136656
 5.4656977421976775e7 633.5882151501334
 3.118800969682245e7 398.0354996310826
 5.4656977421976775e7 633.5882151501334
 3.396475790198319e7 457.02794606694033
 5.4656977421976775e7 633.5882151501334
 3.100295572979328e7 52.517043086551084
 5.4656977421976775e7 633.5882151501334
 3.0574461682102885e7 337.8331789473815
 5.4656977421976775e7 633.5882151501334
 3.097173639510318e7 702.884492927496
 5.4656977421976775e7 633.5882151501334
 2.9811703941784248e7 171.25542146982147
 5.4656977421976775e7 633.5882151501334
 2.8413275622155525e7 302.34519861966754
 5.4656977421976775e7 633.5882151501334
 2.420683110536867e7 470.57738029952816
 5.4656977421976775e7 633.5882151501334
 3.2215577642066307e7 517.5306478946403
 5.4656977421976775e7 633.5882151501334
 3.1873253599705223e7 249.18923279783095
 5.4656977421976775e7 633.5882151501334
 3.043815197776242e7 173.39029667438987
 5.4656977421976775e7 633.5882151501334
 3.1054493550470017e7 901.9210226586163
 5.4656977421976775e7 633.5882151501334
 2.9745808786139555e7 372.0466526816218
 5.4656977421976775e7 633.5882151501334
 2.8329671500361715e7 286.74860311847084
 5.4656977421976775e7 633.5882151501334
 2.9137154795126263e7 415.43998696754875
 5.4656977421976775e7 633.5882151501334
 2.945179743935097e7 535.9942078901796
 5.4656977421976775e7 633.5882151501334
 2.975566816927881e7 436.0606821551656
 5.4656977421976775e7 633.5882151501334
 3.166926339735837e7 486.9076609613734
 5.4656977421976775e7 633.5882151501334
 3.1457972853379067e7 410.22511821024
 5.4656977421976775e7 633.5882151501334
 3.053038766121646e7 576.9387482728953
 5.4656977421976775e7 633.5882151501334
 3.3371203238629866e7 -95.38675076278335
 5.4656977421976775e7 633.5882151501334
 3.0112851657439083e7 358.55907671420687
 5.4656977421976775e7 633.5882151501334
 3.2453230645697154e7 391.81418237208396
 5.4656977421976775e7 633.5882151501334
 3.1721372416263722e7 627.2023348724347
 5.4656977421976775e7 633.5882151501334
 2.868569178020002e7 301.13188947420997
 5.4656977421976775e7 633.5882151501334
 3.0709757195285648e7 65.6048909615723
 5.4656977421976775e7 633.5882151501334
 2.7227448013392083e7 354.8623092120576
 5.4656977421976775e7 633.5882151501334
 3.3474671836069044e7 289.32253734178136
 5.4656977421976775e7 633.5882151501334
 3.397700191437713e7 292.1716718892691
 5.4656977421976775e7 633.5882151501334
 2.9130734164253384e7 567.6404822866145
 5.4656977421976775e7 633.5882151501334
 5.003973789068445e7 131.54237137310764
 5.4656977421976775e7 633.5882151501334
 4.8451703664532505e7 643.6482312808187
 5.4656977421976775e7 633.5882151501334
 5.030797088081323e7 392.0125910949385
 5.4656977421976775e7 633.5882151501334
 5.002251821520243e7 411.0196992506662
 5.4656977421976775e7 633.5882151501334
 5.114936710011509e7 7.08271836596619
 5.4656977421976775e7 633.5882151501334
 5.0127376620278046e7 692.2521627666455
 5.4656977421976775e7 633.5882151501334
 5.086447676219539e7 465.0613149475502
 5.4656977421976775e7 633.5882151501334
 5.112317281968478e7 598.8810761161675
 5.4656977421976775e7 633.5882151501334
 5.0302872865741074e7 195.59750734631177
 5.4656977421976775e7 633.5882151501334
 4.706927987215475e7 780.2886204689863
 5.4656977421976775e7 633.5882151501334
 5.0372257199743114e7 534.821601372415
 5.4656977421976775e7 633.5882151501334
 4.909733078264688e7 1065.4599254779584
 5.4656977421976775e7 633.5882151501334
 4.859541534053065e7 550.9799036817038
 5.4656977421976775e7 633.5882151501334
 4.8187274672989756e7 608.3793170462703
 5.4656977421976775e7 633.5882151501334
 4.931835762996319e7 299.0738671591505
 5.4656977421976775e7 633.5882151501334
 4.967022335944034e7 745.8968094440253
 5.4656977421976775e7 633.5882151501334
 4.8872435075491056e7 761.5251593244974
 5.4656977421976775e7 633.5882151501334
 5.0553267866331935e7 760.5210233539306
 5.4656977421976775e7 633.5882151501334
 5.163166625153226e7 555.08285982925
 5.4656977421976775e7 633.5882151501334
 4.980867249551514e7 580.5667429018965
 5.4656977421976775e7 633.5882151501334
 5.143269501356852e7 559.9245403499079
 5.4656977421976775e7 633.5882151501334
 5.389154426499731e7 299.8761697474478
 5.4656977421976775e7 633.5882151501334
 4.7515262138258316e7 683.6204099193686
 5.4656977421976775e7 633.5882151501334
 5.4656977421976775e7 633.5882151501334
 5.4656977421976775e7 633.5882151501334
 5.2204156036783636e7 680.1434265183115
 5.4656977421976775e7 633.5882151501334
 5.01821338387122e7 424.3202276298965
 5.4656977421976775e7 633.5882151501334
 4.583363775191689e7 499.17468937983324
 5.4656977421976775e7 633.5882151501334
 4.539187007192187e7 -321.21158809374805
 5.4656977421976775e7 633.5882151501334
 4.988633918329649e7 506.33844968314224
 5.4656977421976775e7 633.5882151501334
 4.885440122037779e7 410.16652736323385
 5.4656977421976775e7 633.5882151501334
 4.793759999819904e7 478.19420314681025
 5.4656977421976775e7 633.5882151501334
 4.932747143480811e7 376.5562723606448
 5.4656977421976775e7 633.5882151501334
 5.0648046387622945e7 661.602565153697
 5.4656977421976775e7 633.5882151501334
 5.103809407163734e7 577.6111822070626
 5.4656977421976775e7 633.5882151501334
 5.167243350257663e7 540.5686829460783
 5.4656977421976775e7 633.5882151501334
 4.94268831986186e7 445.761808324508
 5.4656977421976775e7 633.5882151501334
 5.042628515986146e7 290.4375429185074
 5.4656977421976775e7 633.5882151501334
 5.0246883978189096e7 589.4050105503081
 5.4656977421976775e7 633.5882151501334
 4.907216112365787e7 348.606661823176
 5.4656977421976775e7 633.5882151501334
 5.178184645965342e7 321.8239832847827
 5.4656977421976775e7 633.5882151501334
 5.380925498635867e7 477.919005445498
 5.4656977421976775e7 633.5882151501334
 4.86128569227116e7 422.29498544010715
 5.4656977421976775e7 633.5882151501334
 5.188176338033519e7 756.2923358513364
 5.4656977421976775e7 633.5882151501334
 4.864374153541177e7 569.5608956967553
 5.4656977421976775e7 633.5882151501334
 5.015242981087684e7 465.3402360400812
 5.4656977421976775e7 633.5882151501334
 4.965840468720353e7 391.08650406895487
 5.4656977421976775e7 633.5882151501334
 4.879189332723322e7 309.86883577109046
 5.4656977421976775e7 633.5882151501334
 5.051561759003504e7 -130.30065853589767
 5.4656977421976775e7 633.5882151501334
 4.884159119722867e7 320.7649049432879
 5.4656977421976775e7 633.5882151501334
 4.824951226339025e7 260.1293695212984
 5.4656977421976775e7 633.5882151501334
 2023165.1257020012 443.07966381532333
 5.4656977421976775e7 633.5882151501334
 -1595124.1140026234 541.7859559864021
 5.4656977421976775e7 633.5882151501334
 731727.1687337937 452.7364701559614
 5.4656977421976775e7 633.5882151501334
 -3998510.3440746106 456.02821612494773
 5.4656977421976775e7 633.5882151501334
 -1957524.6376236682 578.2759057883829
 5.4656977421976775e7 633.5882151501334
 1962365.3366115869 517.3795590943428
 5.4656977421976775e7 633.5882151501334
 -2126917.2115884153 660.323014370129
 5.4656977421976775e7 633.5882151501334
 -8193.835568909617 575.5781434924006
 5.4656977421976775e7 633.5882151501334
 -816424.2869513137 475.54502024998936
 5.4656977421976775e7 633.5882151501334
 -439442.4244472356 581.6996059929189
 5.4656977421976775e7 633.5882151501334
 429874.9762999296 672.5932850812397
 5.4656977421976775e7 633.5882151501334
 -1598123.15985521 385.63307958400617
 5.4656977421976775e7 633.5882151501334
 446036.1717991831 639.5610114034806
 5.4656977421976775e7 633.5882151501334
 -763498.6614430977 434.42005776587564
 5.4656977421976775e7 633.5882151501334
 -1291932.06292977 418.4484315423483
 5.4656977421976775e7 633.5882151501334
 1433841.2855452609 788.3966659054398
 5.4656977421976775e7 633.5882151501334
 -1181846.9988108599 562.0359474320525
 5.4656977421976775e7 633.5882151501334
 195978.4708373026 420.8245357659491
 5.4656977421976775e7 633.5882151501334
 681818.324695017 477.5614199858299
 5.4656977421976775e7 633.5882151501334
 361883.24930670514 195.9001293649192
 5.4656977421976775e7 633.5882151501334
 3753671.260393713 694.3347994035418
 5.4656977421976775e7 633.5882151501334
 148445.09294925208 542.9849282173004
 5.4656977421976775e7 633.5882151501334
 1060032.1361027155 413.2689326348922
 5.4656977421976775e7 633.5882151501334
 976619.8840525873 1003.8355030483115
 5.4656977421976775e7 633.5882151501334
 863879.3073226183 310.57643764615995
 5.4656977421976775e7 633.5882151501334
 786633.8493775118 611.2766278342556
 5.4656977421976775e7 633.5882151501334
 -505802.31986116804 398.5040564988361
 5.4656977421976775e7 633.5882151501334
 -3020288.873042005 587.1743140911009
 5.4656977421976775e7 633.5882151501334
 -1054208.7883807535 529.3908559117041
 5.4656977421976775e7 633.5882151501334
 1047716.0351166425 601.5517886779604
 5.4656977421976775e7 633.5882151501334
 -1359217.114913969 751.767509845422
 5.4656977421976775e7 633.5882151501334
 289050.9033090621 16.32882380341627
 5.4656977421976775e7 633.5882151501334
 2144741.6345136585 532.7786686765224
 5.4656977421976775e7 633.5882151501334
 948302.6284947747 505.97062402123106
 5.4656977421976775e7 633.5882151501334
 -2177312.8453291347 695.7233689862625
 5.4656977421976775e7 633.5882151501334
 -2959598.798194713 499.8877951414935
 5.4656977421976775e7 633.5882151501334
 -2294626.607964033 338.2295533467824
 5.4656977421976775e7 633.5882151501334
 525855.0963264802 952.527191832532
 5.4656977421976775e7 633.5882151501334
 233953.70917308936 663.8732393022152
 5.4656977421976775e7 633.5882151501334
 264938.3922832338 694.7479505936768
 5.4656977421976775e7 633.5882151501334
 -217801.7585488703 410.06104535735346
 5.4656977421976775e7 633.5882151501334
 643796.4471466205 380.52334966089893
 5.4656977421976775e7 633.5882151501334
 -1424783.5458672035 468.91414361088715
 5.4656977421976775e7 633.5882151501334
 -1690275.4584952553 235.61491643878801
 5.4656977421976775e7 633.5882151501334
 852820.5687668333 646.6373613348118
 5.4656977421976775e7 633.5882151501334
 808491.5298567985 366.0136221134928
 5.4656977421976775e7 633.5882151501334
 -1509767.0268732428 521.6101953255696
 5.4656977421976775e7 633.5882151501334
 -754003.5251572656 417.093271469488
 5.4656977421976775e7 633.5882151501334
 734147.8087816394 410.0724462623248
 5.4656977421976775e7 633.5882151501334
 -139122.1723548981 714.8991245774642
 5.01821338387122e7 424.3202276298965
 8115958.732090169 924.5961076014246
 5.01821338387122e7 424.3202276298965
 9390347.063524632 387.79887729132236
 5.01821338387122e7 424.3202276298965
 1.3594514173031744e7 620.7074935561368
 5.01821338387122e7 424.3202276298965
 9683264.023492422 841.6060196025763
 5.01821338387122e7 424.3202276298965
 1.02918254157625e7 738.6072931242912
 5.01821338387122e7 424.3202276298965
 1.035192900674881e7 677.7632622702621
 5.01821338387122e7 424.3202276298965
 8612336.615834726 576.735216092854
 5.01821338387122e7 424.3202276298965
 1.1054578174682185e7 706.9179329728266
 5.01821338387122e7 424.3202276298965
 8168195.678615676 607.2903603261326
 5.01821338387122e7 424.3202276298965
 1.016697502836803e7 339.4726222009372
 5.01821338387122e7 424.3202276298965
 9348162.617329733 698.6585053082658
 5.01821338387122e7 424.3202276298965
 1.2069188815590773e7 1077.8250212434907
 5.01821338387122e7 424.3202276298965
 9571473.797039546 1149.8949517943809
 5.01821338387122e7 424.3202276298965
 1.1923908409257542e7 741.7905603424106
 5.01821338387122e7 424.3202276298965
 6519984.413252162 1011.5189937881728
 5.01821338387122e7 424.3202276298965
 1.2941164404054008e7 881.7733364207262
 5.01821338387122e7 424.3202276298965
 7262200.137562009 838.6418150666375
 5.01821338387122e7 424.3202276298965
 1.1459628877760682e7 548.4207252734557
 5.01821338387122e7 424.3202276298965
 1.0969012549341552e7 764.6057169261351
 5.01821338387122e7 424.3202276298965
 9388446.96311835 638.473591980615
 5.01821338387122e7 424.3202276298965
 1.1001842281222416e7 541.6487298196157
 5.01821338387122e7 424.3202276298965
 1.1115906137878353e7 646.2124654172062
 5.01821338387122e7 424.3202276298965
 8468612.870206116 661.8197732101763
 5.01821338387122e7 424.3202276298965
 9977537.500750205 668.4292067223794
 5.01821338387122e7 424.3202276298965
 1.077237529657002e7 710.7048087166128
 5.01821338387122e7 424.3202276298965
 1.3003940447000505e7 822.9694891969004
 5.01821338387122e7 424.3202276298965
 1.139242149488803e7 772.6333084761278
 5.01821338387122e7 424.3202276298965
 8567891.275800109 614.9007660330958
 5.01821338387122e7 424.3202276298965
 1.0646000993074343e7 805.4412748249773
 5.01821338387122e7 424.3202276298965
 1.0570229466975156e7 558.3628558376596
 5.01821338387122e7 424.3202276298965
 1.2552766640556056e7 530.5086019680339
 5.01821338387122e7 424.3202276298965
 1.0416918281887682e7 866.3376085021168
 5.01821338387122e7 424.3202276298965
 1.0272123320256906e7 869.1030448701288
 5.01821338387122e7 424.3202276298965
 1.0511765664030656e7 594.0462323211755
 5.01821338387122e7 424.3202276298965
 9843385.558329346 782.790782305521
 5.01821338387122e7 424.3202276298965
 1.0326983545867769e7 640.7639447855869
 5.01821338387122e7 424.3202276298965
 1.1404194212174272e7 871.393020728467
 5.01821338387122e7 424.3202276298965
 7616034.688260943 827.938501990305
 5.01821338387122e7 424.3202276298965
 1.1702632176643398e7 816.5647052422261
 5.01821338387122e7 424.3202276298965
 1.0061572198039468e7 817.3545164902209
 5.01821338387122e7 424.3202276298965
 7882328.364622731 1010.0846009407047
 5.01821338387122e7 424.3202276298965
 7378257.826985719 945.3060939207961
 5.01821338387122e7 424.3202276298965
 7774603.057251008 786.1430051784374
 5.01821338387122e7 424.3202276298965
 8187466.01046188 668.4071419880971
 5.01821338387122e7 424.3202276298965
 1.0324578284191186e7 523.8002841465865
 5.01821338387122e7 424.3202276298965
 1.2026569088723889e7 610.1238686909509
 5.01821338387122e7 424.3202276298965
 7102645.887487115 624.7605597288125
 5.01821338387122e7 424.3202276298965
 8368247.058977199 703.745995870761
 5.01821338387122e7 424.3202276298965
 1.0169659155662712e7 799.9031105472909
 5.01821338387122e7 424.3202276298965
 1.0478569181614302e7 296.23261281007524
 5.01821338387122e7 424.3202276298965
 2.9684947590987418e7 492.63442602489727
 5.01821338387122e7 424.3202276298965
 3.014143294277447e7 447.80492795447003
 5.01821338387122e7 424.3202276298965
 2.9794042096230056e7 579.0918486995937
 5.01821338387122e7 424.3202276298965
 3.0589660111897964e7 298.2527824148743
 5.01821338387122e7 424.3202276298965
 2.944695455729069e7 473.17103839735194
 5.01821338387122e7 424.3202276298965
 3.060144694262906e7 541.168127605083
 5.01821338387122e7 424.3202276298965
 3.015132292071615e7 -325.6850501907738
 5.01821338387122e7 424.3202276298965
 3.2535563405240707e7 412.2750730849776
 5.01821338387122e7 424.3202276298965
 3.112709140206908e7 501.90355188194326
 5.01821338387122e7 424.3202276298965
 2.9448143862286847e7 722.7879542112058
 5.01821338387122e7 424.3202276298965
 2.9056439862631854e7 255.74031471814519
 5.01821338387122e7 424.3202276298965
 3.116898351355738e7 472.00291585370155
 5.01821338387122e7 424.3202276298965
 3.1517434048383974e7 194.6418199146684
 5.01821338387122e7 424.3202276298965
 3.0573179524280984e7 517.4171379005134
 5.01821338387122e7 424.3202276298965
 2.8992488020000983e7 239.90848547309346
 5.01821338387122e7 424.3202276298965
 2.7572142809352845e7 800.6207771208753
 5.01821338387122e7 424.3202276298965
 3.018511327861465e7 500.6807750339303
 5.01821338387122e7 424.3202276298965
 3.0722151180651687e7 69.33580359682784
 5.01821338387122e7 424.3202276298965
 2.9723556239273008e7 404.9641616691117
 5.01821338387122e7 424.3202276298965
 2.9118153912041105e7 472.880773136656
 5.01821338387122e7 424.3202276298965
 3.118800969682245e7 398.0354996310826
 5.01821338387122e7 424.3202276298965
 3.396475790198319e7 457.02794606694033
 5.01821338387122e7 424.3202276298965
 3.100295572979328e7 52.517043086551084
 5.01821338387122e7 424.3202276298965
 3.0574461682102885e7 337.8331789473815
 5.01821338387122e7 424.3202276298965
 3.097173639510318e7 702.884492927496
 5.01821338387122e7 424.3202276298965
 2.9811703941784248e7 171.25542146982147
 5.01821338387122e7 424.3202276298965
 2.8413275622155525e7 302.34519861966754
 5.01821338387122e7 424.3202276298965
 2.420683110536867e7 470.57738029952816
 5.01821338387122e7 424.3202276298965
 3.2215577642066307e7 517.5306478946403
 5.01821338387122e7 424.3202276298965
 3.1873253599705223e7 249.18923279783095
 5.01821338387122e7 424.3202276298965
 3.043815197776242e7 173.39029667438987
 5.01821338387122e7 424.3202276298965
 3.1054493550470017e7 901.9210226586163
 5.01821338387122e7 424.3202276298965
 2.9745808786139555e7 372.0466526816218
 5.01821338387122e7 424.3202276298965
 2.8329671500361715e7 286.74860311847084
 5.01821338387122e7 424.3202276298965
 2.9137154795126263e7 415.43998696754875
 5.01821338387122e7 424.3202276298965
 2.945179743935097e7 535.9942078901796
 5.01821338387122e7 424.3202276298965
 2.975566816927881e7 436.0606821551656
 5.01821338387122e7 424.3202276298965
 3.166926339735837e7 486.9076609613734
 5.01821338387122e7 424.3202276298965
 3.1457972853379067e7 410.22511821024
 5.01821338387122e7 424.3202276298965
 3.053038766121646e7 576.9387482728953
 5.01821338387122e7 424.3202276298965
 3.3371203238629866e7 -95.38675076278335
 5.01821338387122e7 424.3202276298965
 3.0112851657439083e7 358.55907671420687
 5.01821338387122e7 424.3202276298965
 3.2453230645697154e7 391.81418237208396
 5.01821338387122e7 424.3202276298965
 3.1721372416263722e7 627.2023348724347
 5.01821338387122e7 424.3202276298965
 2.868569178020002e7 301.13188947420997
 5.01821338387122e7 424.3202276298965
 3.0709757195285648e7 65.6048909615723
 5.01821338387122e7 424.3202276298965
 2.7227448013392083e7 354.8623092120576
 5.01821338387122e7 424.3202276298965
 3.3474671836069044e7 289.32253734178136
 5.01821338387122e7 424.3202276298965
 3.397700191437713e7 292.1716718892691
 5.01821338387122e7 424.3202276298965
 2.9130734164253384e7 567.6404822866145
 5.01821338387122e7 424.3202276298965
 5.003973789068445e7 131.54237137310764
 5.01821338387122e7 424.3202276298965
 4.8451703664532505e7 643.6482312808187
 5.01821338387122e7 424.3202276298965
 5.030797088081323e7 392.0125910949385
 5.01821338387122e7 424.3202276298965
 5.002251821520243e7 411.0196992506662
 5.01821338387122e7 424.3202276298965
 5.114936710011509e7 7.08271836596619
 5.01821338387122e7 424.3202276298965
 5.0127376620278046e7 692.2521627666455
 5.01821338387122e7 424.3202276298965
 5.086447676219539e7 465.0613149475502
 5.01821338387122e7 424.3202276298965
 5.112317281968478e7 598.8810761161675
 5.01821338387122e7 424.3202276298965
 5.0302872865741074e7 195.59750734631177
 5.01821338387122e7 424.3202276298965
 4.706927987215475e7 780.2886204689863
 5.01821338387122e7 424.3202276298965
 5.0372257199743114e7 534.821601372415
 5.01821338387122e7 424.3202276298965
 4.909733078264688e7 1065.4599254779584
 5.01821338387122e7 424.3202276298965
 4.859541534053065e7 550.9799036817038
 5.01821338387122e7 424.3202276298965
 4.8187274672989756e7 608.3793170462703
 5.01821338387122e7 424.3202276298965
 4.931835762996319e7 299.0738671591505
 5.01821338387122e7 424.3202276298965
 4.967022335944034e7 745.8968094440253
 5.01821338387122e7 424.3202276298965
 4.8872435075491056e7 761.5251593244974
 5.01821338387122e7 424.3202276298965
 5.0553267866331935e7 760.5210233539306
 5.01821338387122e7 424.3202276298965
 5.163166625153226e7 555.08285982925
 5.01821338387122e7 424.3202276298965
 4.980867249551514e7 580.5667429018965
 5.01821338387122e7 424.3202276298965
 5.143269501356852e7 559.9245403499079
 5.01821338387122e7 424.3202276298965
 5.389154426499731e7 299.8761697474478
 5.01821338387122e7 424.3202276298965
 4.7515262138258316e7 683.6204099193686
 5.01821338387122e7 424.3202276298965
 5.4656977421976775e7 633.5882151501334
 5.01821338387122e7 424.3202276298965
 5.2204156036783636e7 680.1434265183115
 5.01821338387122e7 424.3202276298965
 5.01821338387122e7 424.3202276298965
 5.01821338387122e7 424.3202276298965
 4.583363775191689e7 499.17468937983324
 5.01821338387122e7 424.3202276298965
 4.539187007192187e7 -321.21158809374805
 5.01821338387122e7 424.3202276298965
 4.988633918329649e7 506.33844968314224
 5.01821338387122e7 424.3202276298965
 4.885440122037779e7 410.16652736323385
 5.01821338387122e7 424.3202276298965
 4.793759999819904e7 478.19420314681025
 5.01821338387122e7 424.3202276298965
 4.932747143480811e7 376.5562723606448
 5.01821338387122e7 424.3202276298965
 5.0648046387622945e7 661.602565153697
 5.01821338387122e7 424.3202276298965
 5.103809407163734e7 577.6111822070626
 5.01821338387122e7 424.3202276298965
 5.167243350257663e7 540.5686829460783
 5.01821338387122e7 424.3202276298965
 4.94268831986186e7 445.761808324508
 5.01821338387122e7 424.3202276298965
 5.042628515986146e7 290.4375429185074
 5.01821338387122e7 424.3202276298965
 5.0246883978189096e7 589.4050105503081
 5.01821338387122e7 424.3202276298965
 4.907216112365787e7 348.606661823176
 5.01821338387122e7 424.3202276298965
 5.178184645965342e7 321.8239832847827
 5.01821338387122e7 424.3202276298965
 5.380925498635867e7 477.919005445498
 5.01821338387122e7 424.3202276298965
 4.86128569227116e7 422.29498544010715
 5.01821338387122e7 424.3202276298965
 5.188176338033519e7 756.2923358513364
 5.01821338387122e7 424.3202276298965
 4.864374153541177e7 569.5608956967553
 5.01821338387122e7 424.3202276298965
 5.015242981087684e7 465.3402360400812
 5.01821338387122e7 424.3202276298965
 4.965840468720353e7 391.08650406895487
 5.01821338387122e7 424.3202276298965
 4.879189332723322e7 309.86883577109046
 5.01821338387122e7 424.3202276298965
 5.051561759003504e7 -130.30065853589767
 5.01821338387122e7 424.3202276298965
 4.884159119722867e7 320.7649049432879
 5.01821338387122e7 424.3202276298965
 4.824951226339025e7 260.1293695212984
 5.01821338387122e7 424.3202276298965
 2023165.1257020012 443.07966381532333
 5.01821338387122e7 424.3202276298965
 -1595124.1140026234 541.7859559864021
 5.01821338387122e7 424.3202276298965
 731727.1687337937 452.7364701559614
 5.01821338387122e7 424.3202276298965
 -3998510.3440746106 456.02821612494773
 5.01821338387122e7 424.3202276298965
 -1957524.6376236682 578.2759057883829
 5.01821338387122e7 424.3202276298965
 1962365.3366115869 517.3795590943428
 5.01821338387122e7 424.3202276298965
 -2126917.2115884153 660.323014370129
 5.01821338387122e7 424.3202276298965
 -8193.835568909617 575.5781434924006
 5.01821338387122e7 424.3202276298965
 -816424.2869513137 475.54502024998936
 5.01821338387122e7 424.3202276298965
 -439442.4244472356 581.6996059929189
 5.01821338387122e7 424.3202276298965
 429874.9762999296 672.5932850812397
 5.01821338387122e7 424.3202276298965
 -1598123.15985521 385.63307958400617
 5.01821338387122e7 424.3202276298965
 446036.1717991831 639.5610114034806
 5.01821338387122e7 424.3202276298965
 -763498.6614430977 434.42005776587564
 5.01821338387122e7 424.3202276298965
 -1291932.06292977 418.4484315423483
 5.01821338387122e7 424.3202276298965
 1433841.2855452609 788.3966659054398
 5.01821338387122e7 424.3202276298965
 -1181846.9988108599 562.0359474320525
 5.01821338387122e7 424.3202276298965
 195978.4708373026 420.8245357659491
 5.01821338387122e7 424.3202276298965
 681818.324695017 477.5614199858299
 5.01821338387122e7 424.3202276298965
 361883.24930670514 195.9001293649192
 5.01821338387122e7 424.3202276298965
 3753671.260393713 694.3347994035418
 5.01821338387122e7 424.3202276298965
 148445.09294925208 542.9849282173004
 5.01821338387122e7 424.3202276298965
 1060032.1361027155 413.2689326348922
 5.01821338387122e7 424.3202276298965
 976619.8840525873 1003.8355030483115
 5.01821338387122e7 424.3202276298965
 863879.3073226183 310.57643764615995
 5.01821338387122e7 424.3202276298965
 786633.8493775118 611.2766278342556
 5.01821338387122e7 424.3202276298965
 -505802.31986116804 398.5040564988361
 5.01821338387122e7 424.3202276298965
 -3020288.873042005 587.1743140911009
 5.01821338387122e7 424.3202276298965
 -1054208.7883807535 529.3908559117041
 5.01821338387122e7 424.3202276298965
 1047716.0351166425 601.5517886779604
 5.01821338387122e7 424.3202276298965
 -1359217.114913969 751.767509845422
 5.01821338387122e7 424.3202276298965
 289050.9033090621 16.32882380341627
 5.01821338387122e7 424.3202276298965
 2144741.6345136585 532.7786686765224
 5.01821338387122e7 424.3202276298965
 948302.6284947747 505.97062402123106
 5.01821338387122e7 424.3202276298965
 -2177312.8453291347 695.7233689862625
 5.01821338387122e7 424.3202276298965
 -2959598.798194713 499.8877951414935
 5.01821338387122e7 424.3202276298965
 -2294626.607964033 338.2295533467824
 5.01821338387122e7 424.3202276298965
 525855.0963264802 952.527191832532
 5.01821338387122e7 424.3202276298965
 233953.70917308936 663.8732393022152
 5.01821338387122e7 424.3202276298965
 264938.3922832338 694.7479505936768
 5.01821338387122e7 424.3202276298965
 -217801.7585488703 410.06104535735346
 5.01821338387122e7 424.3202276298965
 643796.4471466205 380.52334966089893
 5.01821338387122e7 424.3202276298965
 -1424783.5458672035 468.91414361088715
 5.01821338387122e7 424.3202276298965
 -1690275.4584952553 235.61491643878801
 5.01821338387122e7 424.3202276298965
 852820.5687668333 646.6373613348118
 5.01821338387122e7 424.3202276298965
 808491.5298567985 366.0136221134928
 5.01821338387122e7 424.3202276298965
 -1509767.0268732428 521.6101953255696
 5.01821338387122e7 424.3202276298965
 -754003.5251572656 417.093271469488
 5.01821338387122e7 424.3202276298965
 734147.8087816394 410.0724462623248
 5.01821338387122e7 424.3202276298965
 -139122.1723548981 714.8991245774642
 195978.4708373026 420.8245357659491
 8115958.732090169 924.5961076014246
 195978.4708373026 420.8245357659491
 9390347.063524632 387.79887729132236
 195978.4708373026 420.8245357659491
 1.3594514173031744e7 620.7074935561368
 195978.4708373026 420.8245357659491
 9683264.023492422 841.6060196025763
 195978.4708373026 420.8245357659491
 1.02918254157625e7 738.6072931242912
 195978.4708373026 420.8245357659491
 1.035192900674881e7 677.7632622702621
 195978.4708373026 420.8245357659491
 8612336.615834726 576.735216092854
 195978.4708373026 420.8245357659491
 1.1054578174682185e7 706.9179329728266
 195978.4708373026 420.8245357659491
 8168195.678615676 607.2903603261326
 195978.4708373026 420.8245357659491
 1.016697502836803e7 339.4726222009372
 195978.4708373026 420.8245357659491
 9348162.617329733 698.6585053082658
 195978.4708373026 420.8245357659491
 1.2069188815590773e7 1077.8250212434907
 195978.4708373026 420.8245357659491
 9571473.797039546 1149.8949517943809
 195978.4708373026 420.8245357659491
 1.1923908409257542e7 741.7905603424106
 195978.4708373026 420.8245357659491
 6519984.413252162 1011.5189937881728
 195978.4708373026 420.8245357659491
 1.2941164404054008e7 881.7733364207262
 195978.4708373026 420.8245357659491
 7262200.137562009 838.6418150666375
 195978.4708373026 420.8245357659491
 1.1459628877760682e7 548.4207252734557
 195978.4708373026 420.8245357659491
 1.0969012549341552e7 764.6057169261351
 195978.4708373026 420.8245357659491
 9388446.96311835 638.473591980615
 195978.4708373026 420.8245357659491
 1.1001842281222416e7 541.6487298196157
 195978.4708373026 420.8245357659491
 1.1115906137878353e7 646.2124654172062
 195978.4708373026 420.8245357659491
 8468612.870206116 661.8197732101763
 195978.4708373026 420.8245357659491
 9977537.500750205 668.4292067223794
 195978.4708373026 420.8245357659491
 1.077237529657002e7 710.7048087166128
 195978.4708373026 420.8245357659491
 1.3003940447000505e7 822.9694891969004
 195978.4708373026 420.8245357659491
 1.139242149488803e7 772.6333084761278
 195978.4708373026 420.8245357659491
 8567891.275800109 614.9007660330958
 195978.4708373026 420.8245357659491
 1.0646000993074343e7 805.4412748249773
 195978.4708373026 420.8245357659491
 1.0570229466975156e7 558.3628558376596
 195978.4708373026 420.8245357659491
 1.2552766640556056e7 530.5086019680339
 195978.4708373026 420.8245357659491
 1.0416918281887682e7 866.3376085021168
 195978.4708373026 420.8245357659491
 1.0272123320256906e7 869.1030448701288
 195978.4708373026 420.8245357659491
 1.0511765664030656e7 594.0462323211755
 195978.4708373026 420.8245357659491
 9843385.558329346 782.790782305521
 195978.4708373026 420.8245357659491
 1.0326983545867769e7 640.7639447855869
 195978.4708373026 420.8245357659491
 1.1404194212174272e7 871.393020728467
 195978.4708373026 420.8245357659491
 7616034.688260943 827.938501990305
 195978.4708373026 420.8245357659491
 1.1702632176643398e7 816.5647052422261
 195978.4708373026 420.8245357659491
 1.0061572198039468e7 817.3545164902209
 195978.4708373026 420.8245357659491
 7882328.364622731 1010.0846009407047
 195978.4708373026 420.8245357659491
 7378257.826985719 945.3060939207961
 195978.4708373026 420.8245357659491
 7774603.057251008 786.1430051784374
 195978.4708373026 420.8245357659491
 8187466.01046188 668.4071419880971
 195978.4708373026 420.8245357659491
 1.0324578284191186e7 523.8002841465865
 195978.4708373026 420.8245357659491
 1.2026569088723889e7 610.1238686909509
 195978.4708373026 420.8245357659491
 7102645.887487115 624.7605597288125
 195978.4708373026 420.8245357659491
 8368247.058977199 703.745995870761
 195978.4708373026 420.8245357659491
 1.0169659155662712e7 799.9031105472909
 195978.4708373026 420.8245357659491
 1.0478569181614302e7 296.23261281007524
 195978.4708373026 420.8245357659491
 2.9684947590987418e7 492.63442602489727
 195978.4708373026 420.8245357659491
 3.014143294277447e7 447.80492795447003
 195978.4708373026 420.8245357659491
 2.9794042096230056e7 579.0918486995937
 195978.4708373026 420.8245357659491
 3.0589660111897964e7 298.2527824148743
 195978.4708373026 420.8245357659491
 2.944695455729069e7 473.17103839735194
 195978.4708373026 420.8245357659491
 3.060144694262906e7 541.168127605083
 195978.4708373026 420.8245357659491
 3.015132292071615e7 -325.6850501907738
 195978.4708373026 420.8245357659491
 3.2535563405240707e7 412.2750730849776
 195978.4708373026 420.8245357659491
 3.112709140206908e7 501.90355188194326
 195978.4708373026 420.8245357659491
 2.9448143862286847e7 722.7879542112058
 195978.4708373026 420.8245357659491
 2.9056439862631854e7 255.74031471814519
 195978.4708373026 420.8245357659491
 3.116898351355738e7 472.00291585370155
 195978.4708373026 420.8245357659491
 3.1517434048383974e7 194.6418199146684
 195978.4708373026 420.8245357659491
 3.0573179524280984e7 517.4171379005134
 195978.4708373026 420.8245357659491
 2.8992488020000983e7 239.90848547309346
 195978.4708373026 420.8245357659491
 2.7572142809352845e7 800.6207771208753
 195978.4708373026 420.8245357659491
 3.018511327861465e7 500.6807750339303
 195978.4708373026 420.8245357659491
 3.0722151180651687e7 69.33580359682784
 195978.4708373026 420.8245357659491
 2.9723556239273008e7 404.9641616691117
 195978.4708373026 420.8245357659491
 2.9118153912041105e7 472.880773136656
 195978.4708373026 420.8245357659491
 3.118800969682245e7 398.0354996310826
 195978.4708373026 420.8245357659491
 3.396475790198319e7 457.02794606694033
 195978.4708373026 420.8245357659491
 3.100295572979328e7 52.517043086551084
 195978.4708373026 420.8245357659491
 3.0574461682102885e7 337.8331789473815
 195978.4708373026 420.8245357659491
 3.097173639510318e7 702.884492927496
 195978.4708373026 420.8245357659491
 2.9811703941784248e7 171.25542146982147
 195978.4708373026 420.8245357659491
 2.8413275622155525e7 302.34519861966754
 195978.4708373026 420.8245357659491
 2.420683110536867e7 470.57738029952816
 195978.4708373026 420.8245357659491
 3.2215577642066307e7 517.5306478946403
 195978.4708373026 420.8245357659491
 3.1873253599705223e7 249.18923279783095
 195978.4708373026 420.8245357659491
 3.043815197776242e7 173.39029667438987
 195978.4708373026 420.8245357659491
 3.1054493550470017e7 901.9210226586163
 195978.4708373026 420.8245357659491
 2.9745808786139555e7 372.0466526816218
 195978.4708373026 420.8245357659491
 2.8329671500361715e7 286.74860311847084
 195978.4708373026 420.8245357659491
 2.9137154795126263e7 415.43998696754875
 195978.4708373026 420.8245357659491
 2.945179743935097e7 535.9942078901796
 195978.4708373026 420.8245357659491
 2.975566816927881e7 436.0606821551656
 195978.4708373026 420.8245357659491
 3.166926339735837e7 486.9076609613734
 195978.4708373026 420.8245357659491
 3.1457972853379067e7 410.22511821024
 195978.4708373026 420.8245357659491
 3.053038766121646e7 576.9387482728953
 195978.4708373026 420.8245357659491
 3.3371203238629866e7 -95.38675076278335
 195978.4708373026 420.8245357659491
 3.0112851657439083e7 358.55907671420687
 195978.4708373026 420.8245357659491
 3.2453230645697154e7 391.81418237208396
 195978.4708373026 420.8245357659491
 3.1721372416263722e7 627.2023348724347
 195978.4708373026 420.8245357659491
 2.868569178020002e7 301.13188947420997
 195978.4708373026 420.8245357659491
 3.0709757195285648e7 65.6048909615723
 195978.4708373026 420.8245357659491
 2.7227448013392083e7 354.8623092120576
 195978.4708373026 420.8245357659491
 3.3474671836069044e7 289.32253734178136
 195978.4708373026 420.8245357659491
 3.397700191437713e7 292.1716718892691
 195978.4708373026 420.8245357659491
 2.9130734164253384e7 567.6404822866145
 195978.4708373026 420.8245357659491
 5.003973789068445e7 131.54237137310764
 195978.4708373026 420.8245357659491
 4.8451703664532505e7 643.6482312808187
 195978.4708373026 420.8245357659491
 5.030797088081323e7 392.0125910949385
 195978.4708373026 420.8245357659491
 5.002251821520243e7 411.0196992506662
 195978.4708373026 420.8245357659491
 5.114936710011509e7 7.08271836596619
 195978.4708373026 420.8245357659491
 5.0127376620278046e7 692.2521627666455
 195978.4708373026 420.8245357659491
 5.086447676219539e7 465.0613149475502
 195978.4708373026 420.8245357659491
 5.112317281968478e7 598.8810761161675
 195978.4708373026 420.8245357659491
 5.0302872865741074e7 195.59750734631177
 195978.4708373026 420.8245357659491
 4.706927987215475e7 780.2886204689863
 195978.4708373026 420.8245357659491
 5.0372257199743114e7 534.821601372415
 195978.4708373026 420.8245357659491
 4.909733078264688e7 1065.4599254779584
 195978.4708373026 420.8245357659491
 4.859541534053065e7 550.9799036817038
 195978.4708373026 420.8245357659491
 4.8187274672989756e7 608.3793170462703
 195978.4708373026 420.8245357659491
 4.931835762996319e7 299.0738671591505
 195978.4708373026 420.8245357659491
 4.967022335944034e7 745.8968094440253
 195978.4708373026 420.8245357659491
 4.8872435075491056e7 761.5251593244974
 195978.4708373026 420.8245357659491
 5.0553267866331935e7 760.5210233539306
 195978.4708373026 420.8245357659491
 5.163166625153226e7 555.08285982925
 195978.4708373026 420.8245357659491
 4.980867249551514e7 580.5667429018965
 195978.4708373026 420.8245357659491
 5.143269501356852e7 559.9245403499079
 195978.4708373026 420.8245357659491
 5.389154426499731e7 299.8761697474478
 195978.4708373026 420.8245357659491
 4.7515262138258316e7 683.6204099193686
 195978.4708373026 420.8245357659491
 5.4656977421976775e7 633.5882151501334
 195978.4708373026 420.8245357659491
 5.2204156036783636e7 680.1434265183115
 195978.4708373026 420.8245357659491
 5.01821338387122e7 424.3202276298965
 195978.4708373026 420.8245357659491
 4.583363775191689e7 499.17468937983324
 195978.4708373026 420.8245357659491
 4.539187007192187e7 -321.21158809374805
 195978.4708373026 420.8245357659491
 4.988633918329649e7 506.33844968314224
 195978.4708373026 420.8245357659491
 4.885440122037779e7 410.16652736323385
 195978.4708373026 420.8245357659491
 4.793759999819904e7 478.19420314681025
 195978.4708373026 420.8245357659491
 4.932747143480811e7 376.5562723606448
 195978.4708373026 420.8245357659491
 5.0648046387622945e7 661.602565153697
 195978.4708373026 420.8245357659491
 5.103809407163734e7 577.6111822070626
 195978.4708373026 420.8245357659491
 5.167243350257663e7 540.5686829460783
 195978.4708373026 420.8245357659491
 4.94268831986186e7 445.761808324508
 195978.4708373026 420.8245357659491
 5.042628515986146e7 290.4375429185074
 195978.4708373026 420.8245357659491
 5.0246883978189096e7 589.4050105503081
 195978.4708373026 420.8245357659491
 4.907216112365787e7 348.606661823176
 195978.4708373026 420.8245357659491
 5.178184645965342e7 321.8239832847827
 195978.4708373026 420.8245357659491
 5.380925498635867e7 477.919005445498
 195978.4708373026 420.8245357659491
 4.86128569227116e7 422.29498544010715
 195978.4708373026 420.8245357659491
 5.188176338033519e7 756.2923358513364
 195978.4708373026 420.8245357659491
 4.864374153541177e7 569.5608956967553
 195978.4708373026 420.8245357659491
 5.015242981087684e7 465.3402360400812
 195978.4708373026 420.8245357659491
 4.965840468720353e7 391.08650406895487
 195978.4708373026 420.8245357659491
 4.879189332723322e7 309.86883577109046
 195978.4708373026 420.8245357659491
 5.051561759003504e7 -130.30065853589767
 195978.4708373026 420.8245357659491
 4.884159119722867e7 320.7649049432879
 195978.4708373026 420.8245357659491
 4.824951226339025e7 260.1293695212984
 195978.4708373026 420.8245357659491
 2023165.1257020012 443.07966381532333
 195978.4708373026 420.8245357659491
 -1595124.1140026234 541.7859559864021
 195978.4708373026 420.8245357659491
 731727.1687337937 452.7364701559614
 195978.4708373026 420.8245357659491
 -3998510.3440746106 456.02821612494773
 195978.4708373026 420.8245357659491
 -1957524.6376236682 578.2759057883829
 195978.4708373026 420.8245357659491
 1962365.3366115869 517.3795590943428
 195978.4708373026 420.8245357659491
 -2126917.2115884153 660.323014370129
 195978.4708373026 420.8245357659491
 -8193.835568909617 575.5781434924006
 195978.4708373026 420.8245357659491
 -816424.2869513137 475.54502024998936
 195978.4708373026 420.8245357659491
 -439442.4244472356 581.6996059929189
 195978.4708373026 420.8245357659491
 429874.9762999296 672.5932850812397
 195978.4708373026 420.8245357659491
 -1598123.15985521 385.63307958400617
 195978.4708373026 420.8245357659491
 446036.1717991831 639.5610114034806
 195978.4708373026 420.8245357659491
 -763498.6614430977 434.42005776587564
 195978.4708373026 420.8245357659491
 -1291932.06292977 418.4484315423483
 195978.4708373026 420.8245357659491
 1433841.2855452609 788.3966659054398
 195978.4708373026 420.8245357659491
 -1181846.9988108599 562.0359474320525
 195978.4708373026 420.8245357659491
 195978.4708373026 420.8245357659491
 195978.4708373026 420.8245357659491
 681818.324695017 477.5614199858299
 195978.4708373026 420.8245357659491
 361883.24930670514 195.9001293649192
 195978.4708373026 420.8245357659491
 3753671.260393713 694.3347994035418
 195978.4708373026 420.8245357659491
 148445.09294925208 542.9849282173004
 195978.4708373026 420.8245357659491
 1060032.1361027155 413.2689326348922
 195978.4708373026 420.8245357659491
 976619.8840525873 1003.8355030483115
 195978.4708373026 420.8245357659491
 863879.3073226183 310.57643764615995
 195978.4708373026 420.8245357659491
 786633.8493775118 611.2766278342556
 195978.4708373026 420.8245357659491
 -505802.31986116804 398.5040564988361
 195978.4708373026 420.8245357659491
 -3020288.873042005 587.1743140911009
 195978.4708373026 420.8245357659491
 -1054208.7883807535 529.3908559117041
 195978.4708373026 420.8245357659491
 1047716.0351166425 601.5517886779604
 195978.4708373026 420.8245357659491
 -1359217.114913969 751.767509845422
 195978.4708373026 420.8245357659491
 289050.9033090621 16.32882380341627
 195978.4708373026 420.8245357659491
 2144741.6345136585 532.7786686765224
 195978.4708373026 420.8245357659491
 948302.6284947747 505.97062402123106
 195978.4708373026 420.8245357659491
 -2177312.8453291347 695.7233689862625
 195978.4708373026 420.8245357659491
 -2959598.798194713 499.8877951414935
 195978.4708373026 420.8245357659491
 -2294626.607964033 338.2295533467824
 195978.4708373026 420.8245357659491
 525855.0963264802 952.527191832532
 195978.4708373026 420.8245357659491
 233953.70917308936 663.8732393022152
 195978.4708373026 420.8245357659491
 264938.3922832338 694.7479505936768
 195978.4708373026 420.8245357659491
 -217801.7585488703 410.06104535735346
 195978.4708373026 420.8245357659491
 643796.4471466205 380.52334966089893
 195978.4708373026 420.8245357659491
 -1424783.5458672035 468.91414361088715
 195978.4708373026 420.8245357659491
 -1690275.4584952553 235.61491643878801
 195978.4708373026 420.8245357659491
 852820.5687668333 646.6373613348118
 195978.4708373026 420.8245357659491
 808491.5298567985 366.0136221134928
 195978.4708373026 420.8245357659491
 -1509767.0268732428 521.6101953255696
 195978.4708373026 420.8245357659491
 -754003.5251572656 417.093271469488
 195978.4708373026 420.8245357659491
 734147.8087816394 410.0724462623248
 195978.4708373026 420.8245357659491
 -139122.1723548981 714.8991245774642
