 1.0416918281887682e7 866.3376085021168
 8115958.732090169 924.5961076014246
 1.0416918281887682e7 866.3376085021168
 9390347.063524632 387.79887729132236
 1.0416918281887682e7 866.3376085021168
 1.3594514173031744e7 620.7074935561368
 1.0416918281887682e7 866.3376085021168
 9683264.023492422 841.6060196025763
 1.0416918281887682e7 866.3376085021168
 1.02918254157625e7 738.6072931242912
 1.0416918281887682e7 866.3376085021168
 1.035192900674881e7 677.7632622702621
 1.0416918281887682e7 866.3376085021168
 8612336.615834726 576.735216092854
 1.0416918281887682e7 866.3376085021168
 1.1054578174682185e7 706.9179329728266
 1.0416918281887682e7 866.3376085021168
 8168195.678615676 607.2903603261326
 1.0416918281887682e7 866.3376085021168
 1.016697502836803e7 339.4726222009372
 1.0416918281887682e7 866.3376085021168
 9348162.617329733 698.6585053082658
 1.0416918281887682e7 866.3376085021168
 1.2069188815590773e7 1077.8250212434907
 1.0416918281887682e7 866.3376085021168
 9571473.797039546 1149.8949517943809
 1.0416918281887682e7 866.3376085021168
 1.1923908409257542e7 741.7905603424106
 1.0416918281887682e7 866.3376085021168
 6519984.413252162 1011.5189937881728
 1.0416918281887682e7 866.3376085021168
 1.2941164404054008e7 881.7733364207262
 1.0416918281887682e7 866.3376085021168
 7262200.137562009 838.6418150666375
 1.0416918281887682e7 866.3376085021168
 1.1459628877760682e7 548.4207252734557
 1.0416918281887682e7 866.3376085021168
 1.0969012549341552e7 764.6057169261351
 1.0416918281887682e7 866.3376085021168
 9388446.96311835 638.473591980615
 1.0416918281887682e7 866.3376085021168
 1.1001842281222416e7 541.6487298196157
 1.0416918281887682e7 866.3376085021168
 1.1115906137878353e7 646.2124654172062
 1.0416918281887682e7 866.3376085021168
 8468612.870206116 661.8197732101763
 1.0416918281887682e7 866.3376085021168
 9977537.500750205 668.4292067223794
 1.0416918281887682e7 866.3376085021168
 1.077237529657002e7 710.7048087166128
 1.0416918281887682e7 866.3376085021168
 1.3003940447000505e7 822.9694891969004
 1.0416918281887682e7 866.3376085021168
 1.139242149488803e7 772.6333084761278
 1.0416918281887682e7 866.3376085021168
 8567891.275800109 614.9007660330958
 1.0416918281887682e7 866.3376085021168
 1.0646000993074343e7 805.4412748249773
 1.0416918281887682e7 866.3376085021168
 1.0570229466975156e7 558.3628558376596
 1.0416918281887682e7 866.3376085021168
 1.2552766640556056e7 530.5086019680339
 1.0416918281887682e7 866.3376085021168
 1.0416918281887682e7 866.3376085021168
 1.0416918281887682e7 866.3376085021168
 1.0272123320256906e7 869.1030448701288
 1.0416918281887682e7 866.3376085021168
 1.0511765664030656e7 594.0462323211755
 1.0416918281887682e7 866.3376085021168
 9843385.558329346 782.790782305521
 1.0416918281887682e7 866.3376085021168
 1.0326983545867769e7 640.7639447855869
 1.0416918281887682e7 866.3376085021168
 1.1404194212174272e7 871.393020728467
 1.0416918281887682e7 866.3376085021168
 7616034.688260943 827.938501990305
 1.0416918281887682e7 866.3376085021168
 1.1702632176643398e7 816.5647052422261
 1.0416918281887682e7 866.3376085021168
 1.0061572198039468e7 817.3545164902209
 1.0416918281887682e7 866.3376085021168
 7882328.364622731 1010.0846009407047
 1.0416918281887682e7 866.3376085021168
 7378257.826985719 945.3060939207961
 1.0416918281887682e7 866.3376085021168
 7774603.057251008 786.1430051784374
 1.0416918281887682e7 866.3376085021168
 8187466.01046188 668.4071419880971
 1.0416918281887682e7 866.3376085021168
 1.0324578284191186e7 523.8002841465865
 1.0416918281887682e7 866.3376085021168
 1.2026569088723889e7 610.1238686909509
 1.0416918281887682e7 866.3376085021168
 7102645.887487115 624.7605597288125
 1.0416918281887682e7 866.3376085021168
 8368247.058977199 703.745995870761
 1.0416918281887682e7 866.3376085021168
 1.0169659155662712e7 799.9031105472909
 1.0416918281887682e7 866.3376085021168
 1.0478569181614302e7 296.23261281007524
 1.0416918281887682e7 866.3376085021168
 2.9684947590987418e7 492.63442602489727
 1.0416918281887682e7 866.3376085021168
 3.014143294277447e7 447.80492795447003
 1.0416918281887682e7 866.3376085021168
 2.9794042096230056e7 579.0918486995937
 1.0416918281887682e7 866.3376085021168
 3.0589660111897964e7 298.2527824148743
 1.0416918281887682e7 866.3376085021168
 2.944695455729069e7 473.17103839735194
 1.0416918281887682e7 866.3376085021168
 3.060144694262906e7 541.168127605083
 1.0416918281887682e7 866.3376085021168
 3.015132292071615e7 -325.6850501907738
 1.0416918281887682e7 866.3376085021168
 3.2535563405240707e7 412.2750730849776
 1.0416918281887682e7 866.3376085021168
 3.112709140206908e7 501.90355188194326
 1.0416918281887682e7 866.3376085021168
 2.9448143862286847e7 722.7879542112058
 1.0416918281887682e7 866.3376085021168
 2.9056439862631854e7 255.74031471814519
 1.0416918281887682e7 866.3376085021168
 3.116898351355738e7 472.00291585370155
 1.0416918281887682e7 866.3376085021168
 3.1517434048383974e7 194.6418199146684
 1.0416918281887682e7 866.3376085021168
 3.0573179524280984e7 517.4171379005134
 1.0416918281887682e7 866.3376085021168
 2.8992488020000983e7 239.90848547309346
 1.0416918281887682e7 866.3376085021168
 2.7572142809352845e7 800.6207771208753
 1.0416918281887682e7 866.3376085021168
 3.018511327861465e7 500.6807750339303
 1.0416918281887682e7 866.3376085021168
 3.0722151180651687e7 69.33580359682784
 1.0416918281887682e7 866.3376085021168
 2.9723556239273008e7 404.9641616691117
 1.0416918281887682e7 866.3376085021168
 2.9118153912041105e7 472.880773136656
 1.0416918281887682e7 866.3376085021168
 3.118800969682245e7 398.0354996310826
 1.0416918281887682e7 866.3376085021168
 3.396475790198319e7 457.02794606694033
 1.0416918281887682e7 866.3376085021168
 3.100295572979328e7 52.517043086551084
 1.0416918281887682e7 866.3376085021168
 3.0574461682102885e7 337.8331789473815
 1.0416918281887682e7 866.3376085021168
 3.097173639510318e7 702.884492927496
 1.0416918281887682e7 866.3376085021168
 2.9811703941784248e7 171.25542146982147
 1.0416918281887682e7 866.3376085021168
 2.8413275622155525e7 302.34519861966754
 1.0416918281887682e7 866.3376085021168
 2.420683110536867e7 470.57738029952816
 1.0416918281887682e7 866.3376085021168
 3.2215577642066307e7 517.5306478946403
 1.0416918281887682e7 866.3376085021168
 3.1873253599705223e7 249.18923279783095
 1.0416918281887682e7 866.3376085021168
 3.043815197776242e7 173.39029667438987
 1.0416918281887682e7 866.3376085021168
 3.1054493550470017e7 901.9210226586163
 1.0416918281887682e7 866.3376085021168
 2.9745808786139555e7 372.0466526816218
 1.0416918281887682e7 866.3376085021168
 2.8329671500361715e7 286.74860311847084
 1.0416918281887682e7 866.3376085021168
 2.9137154795126263e7 415.43998696754875
 1.0416918281887682e7 866.3376085021168
 2.945179743935097e7 535.9942078901796
 1.0416918281887682e7 866.3376085021168
 2.975566816927881e7 436.0606821551656
 1.0416918281887682e7 866.3376085021168
 3.166926339735837e7 486.9076609613734
 1.0416918281887682e7 866.3376085021168
 3.1457972853379067e7 410.22511821024
 1.0416918281887682e7 866.3376085021168
 3.053038766121646e7 576.9387482728953
 1.0416918281887682e7 866.3376085021168
 3.3371203238629866e7 -95.38675076278335
 1.0416918281887682e7 866.3376085021168
 3.0112851657439083e7 358.55907671420687
 1.0416918281887682e7 866.3376085021168
 3.2453230645697154e7 391.81418237208396
 1.0416918281887682e7 866.3376085021168
 3.1721372416263722e7 627.2023348724347
 1.0416918281887682e7 866.3376085021168
 2.868569178020002e7 301.13188947420997
 1.0416918281887682e7 866.3376085021168
 3.0709757195285648e7 65.6048909615723
 1.0416918281887682e7 866.3376085021168
 2.7227448013392083e7 354.8623092120576
 1.0416918281887682e7 866.3376085021168
 3.3474671836069044e7 289.32253734178136
 1.0416918281887682e7 866.3376085021168
 3.397700191437713e7 292.1716718892691
 1.0416918281887682e7 866.3376085021168
 2.9130734164253384e7 567.6404822866145
 1.0416918281887682e7 866.3376085021168
 5.003973789068445e7 131.54237137310764
 1.0416918281887682e7 866.3376085021168
 4.8451703664532505e7 643.6482312808187
 1.0416918281887682e7 866.3376085021168
 5.030797088081323e7 392.0125910949385
 1.0416918281887682e7 866.3376085021168
 5.002251821520243e7 411.0196992506662
 1.0416918281887682e7 866.3376085021168
 5.114936710011509e7 7.08271836596619
 1.0416918281887682e7 866.3376085021168
 5.0127376620278046e7 692.2521627666455
 1.0416918281887682e7 866.3376085021168
 5.086447676219539e7 465.0613149475502
 1.0416918281887682e7 866.3376085021168
 5.112317281968478e7 598.8810761161675
 1.0416918281887682e7 866.3376085021168
 5.0302872865741074e7 195.59750734631177
 1.0416918281887682e7 866.3376085021168
 4.706927987215475e7 780.2886204689863
 1.0416918281887682e7 866.3376085021168
 5.0372257199743114e7 534.821601372415
 1.0416918281887682e7 866.3376085021168
 4.909733078264688e7 1065.4599254779584
 1.0416918281887682e7 866.3376085021168
 4.859541534053065e7 550.9799036817038
 1.0416918281887682e7 866.3376085021168
 4.8187274672989756e7 608.3793170462703
 1.0416918281887682e7 866.3376085021168
 4.931835762996319e7 299.0738671591505
 1.0416918281887682e7 866.3376085021168
 4.967022335944034e7 745.8968094440253
 1.0416918281887682e7 866.3376085021168
 4.8872435075491056e7 761.5251593244974
 1.0416918281887682e7 866.3376085021168
 5.0553267866331935e7 760.5210233539306
 1.0416918281887682e7 866.3376085021168
 5.163166625153226e7 555.08285982925
 1.0416918281887682e7 866.3376085021168
 4.980867249551514e7 580.5667429018965
 1.0416918281887682e7 866.3376085021168
 5.143269501356852e7 559.9245403499079
 1.0416918281887682e7 866.3376085021168
 5.389154426499731e7 299.8761697474478
 1.0416918281887682e7 866.3376085021168
 4.7515262138258316e7 683.6204099193686
 1.0416918281887682e7 866.3376085021168
 5.4656977421976775e7 633.5882151501334
 1.0416918281887682e7 866.3376085021168
 5.2204156036783636e7 680.1434265183115
 1.0416918281887682e7 866.3376085021168
 5.01821338387122e7 424.3202276298965
 1.0416918281887682e7 866.3376085021168
 4.583363775191689e7 499.17468937983324
 1.0416918281887682e7 866.3376085021168
 4.539187007192187e7 -321.21158809374805
 1.0416918281887682e7 866.3376085021168
 4.988633918329649e7 506.33844968314224
 1.0416918281887682e7 866.3376085021168
 4.885440122037779e7 410.16652736323385
 1.0416918281887682e7 866.3376085021168
 4.793759999819904e7 478.19420314681025
 1.0416918281887682e7 866.3376085021168
 4.932747143480811e7 376.5562723606448
 1.0416918281887682e7 866.3376085021168
 5.0648046387622945e7 661.602565153697
 1.0416918281887682e7 866.3376085021168
 5.103809407163734e7 577.6111822070626
 1.0416918281887682e7 866.3376085021168
 5.167243350257663e7 540.5686829460783
 1.0416918281887682e7 866.3376085021168
 4.94268831986186e7 445.761808324508
 1.0416918281887682e7 866.3376085021168
 5.042628515986146e7 290.4375429185074
 1.0416918281887682e7 866.3376085021168
 5.0246883978189096e7 589.4050105503081
 1.0416918281887682e7 866.3376085021168
 4.907216112365787e7 348.606661823176
 1.0416918281887682e7 866.3376085021168
 5.178184645965342e7 321.8239832847827
 1.0416918281887682e7 866.3376085021168
 5.380925498635867e7 477.919005445498
 1.0416918281887682e7 866.3376085021168
 4.86128569227116e7 422.29498544010715
 1.0416918281887682e7 866.3376085021168
 5.188176338033519e7 756.2923358513364
 1.0416918281887682e7 866.3376085021168
 4.864374153541177e7 569.5608956967553
 1.0416918281887682e7 866.3376085021168
 5.015242981087684e7 465.3402360400812
 1.0416918281887682e7 866.3376085021168
 4.965840468720353e7 391.08650406895487
 1.0416918281887682e7 866.3376085021168
 4.879189332723322e7 309.86883577109046
 1.0416918281887682e7 866.3376085021168
 5.051561759003504e7 -130.30065853589767
 1.0416918281887682e7 866.3376085021168
 4.884159119722867e7 320.7649049432879
 1.0416918281887682e7 866.3376085021168
 4.824951226339025e7 260.1293695212984
 1.0416918281887682e7 866.3376085021168
 2023165.1257020012 443.07966381532333
 1.0416918281887682e7 866.3376085021168
 -1595124.1140026234 541.7859559864021
 1.0416918281887682e7 866.3376085021168
 731727.1687337937 452.7364701559614
 1.0416918281887682e7 866.3376085021168
 -3998510.3440746106 456.02821612494773
 1.0416918281887682e7 866.3376085021168
 -1957524.6376236682 578.2759057883829
 1.0416918281887682e7 866.3376085021168
 1962365.3366115869 517.3795590943428
 1.0416918281887682e7 866.3376085021168
 -2126917.2115884153 660.323014370129
 1.0416918281887682e7 866.3376085021168
 -8193.835568909617 575.5781434924006
 1.0416918281887682e7 866.3376085021168
 -816424.2869513137 475.54502024998936
 1.0416918281887682e7 866.3376085021168
 -439442.4244472356 581.6996059929189
 1.0416918281887682e7 866.3376085021168
 429874.9762999296 672.5932850812397
 1.0416918281887682e7 866.3376085021168
 -1598123.15985521 385.63307958400617
 1.0416918281887682e7 866.3376085021168
 446036.1717991831 639.5610114034806
 1.0416918281887682e7 866.3376085021168
 -763498.6614430977 434.42005776587564
 1.0416918281887682e7 866.3376085021168
 -1291932.06292977 418.4484315423483
 1.0416918281887682e7 866.3376085021168
 1433841.2855452609 788.3966659054398
 1.0416918281887682e7 866.3376085021168
 -1181846.9988108599 562.0359474320525
 1.0416918281887682e7 866.3376085021168
 195978.4708373026 420.8245357659491
 1.0416918281887682e7 866.3376085021168
 681818.324695017 477.5614199858299
 1.0416918281887682e7 866.3376085021168
 361883.24930670514 195.9001293649192
 1.0416918281887682e7 866.3376085021168
 3753671.260393713 694.3347994035418
 1.0416918281887682e7 866.3376085021168
 148445.09294925208 542.9849282173004
 1.0416918281887682e7 866.3376085021168
 1060032.1361027155 413.2689326348922
 1.0416918281887682e7 866.3376085021168
 976619.8840525873 1003.8355030483115
 1.0416918281887682e7 866.3376085021168
 863879.3073226183 310.57643764615995
 1.0416918281887682e7 866.3376085021168
 786633.8493775118 611.2766278342556
 1.0416918281887682e7 866.3376085021168
 -505802.31986116804 398.5040564988361
 1.0416918281887682e7 866.3376085021168
 -3020288.873042005 587.1743140911009
 1.0416918281887682e7 866.3376085021168
 -1054208.7883807535 529.3908559117041
 1.0416918281887682e7 866.3376085021168
 1047716.0351166425 601.5517886779604
 1.0416918281887682e7 866.3376085021168
 -1359217.114913969 751.767509845422
 1.0416918281887682e7 866.3376085021168
 289050.9033090621 16.32882380341627
 1.0416918281887682e7 866.3376085021168
 2144741.6345136585 532.7786686765224
 1.0416918281887682e7 866.3376085021168
 948302.6284947747 505.97062402123106
 1.0416918281887682e7 866.3376085021168
 -2177312.8453291347 695.7233689862625
 1.0416918281887682e7 866.3376085021168
 -2959598.798194713 499.8877951414935
 1.0416918281887682e7 866.3376085021168
 -2294626.607964033 338.2295533467824
 1.0416918281887682e7 866.3376085021168
 525855.0963264802 952.527191832532
 1.0416918281887682e7 866.3376085021168
 233953.70917308936 663.8732393022152
 1.0416918281887682e7 866.3376085021168
 264938.3922832338 694.7479505936768
 1.0416918281887682e7 866.3376085021168
 -217801.7585488703 410.06104535735346
 1.0416918281887682e7 866.3376085021168
 643796.4471466205 380.52334966089893
 1.0416918281887682e7 866.3376085021168
 -1424783.5458672035 468.91414361088715
 1.0416918281887682e7 866.3376085021168
 -1690275.4584952553 235.61491643878801
 1.0416918281887682e7 866.3376085021168
 852820.5687668333 646.6373613348118
 1.0416918281887682e7 866.3376085021168
 808491.5298567985 366.0136221134928
 1.0416918281887682e7 866.3376085021168
 -1509767.0268732428 521.6101953255696
 1.0416918281887682e7 866.3376085021168
 -754003.5251572656 417.093271469488
 1.0416918281887682e7 866.3376085021168
 734147.8087816394 410.0724462623248
 1.0416918281887682e7 866.3376085021168
 -139122.1723548981 714.8991245774642
 1.0272123320256906e7 869.1030448701288
 8115958.732090169 924.5961076014246
 1.0272123320256906e7 869.1030448701288
 9390347.063524632 387.79887729132236
 1.0272123320256906e7 869.1030448701288
 1.3594514173031744e7 620.7074935561368
 1.0272123320256906e7 869.1030448701288
 9683264.023492422 841.6060196025763
 1.0272123320256906e7 869.1030448701288
 1.02918254157625e7 738.6072931242912
 1.0272123320256906e7 869.1030448701288
 1.035192900674881e7 677.7632622702621
 1.0272123320256906e7 869.1030448701288
 8612336.615834726 576.735216092854
 1.0272123320256906e7 869.1030448701288
 1.1054578174682185e7 706.9179329728266
 1.0272123320256906e7 869.1030448701288
 8168195.678615676 607.2903603261326
 1.0272123320256906e7 869.1030448701288
 1.016697502836803e7 339.4726222009372
 1.0272123320256906e7 869.1030448701288
 9348162.617329733 698.6585053082658
 1.0272123320256906e7 869.1030448701288
 1.2069188815590773e7 1077.8250212434907
 1.0272123320256906e7 869.1030448701288
 9571473.797039546 1149.8949517943809
 1.0272123320256906e7 869.1030448701288
 1.1923908409257542e7 741.7905603424106
 1.0272123320256906e7 869.1030448701288
 6519984.413252162 1011.5189937881728
 1.0272123320256906e7 869.1030448701288
 1.2941164404054008e7 881.7733364207262
 1.0272123320256906e7 869.1030448701288
 7262200.137562009 838.6418150666375
 1.0272123320256906e7 869.1030448701288
 1.1459628877760682e7 548.4207252734557
 1.0272123320256906e7 869.1030448701288
 1.0969012549341552e7 764.6057169261351
 1.0272123320256906e7 869.1030448701288
 9388446.96311835 638.473591980615
 1.0272123320256906e7 869.1030448701288
 1.1001842281222416e7 541.6487298196157
 1.0272123320256906e7 869.1030448701288
 1.1115906137878353e7 646.2124654172062
 1.0272123320256906e7 869.1030448701288
 8468612.870206116 661.8197732101763
 1.0272123320256906e7 869.1030448701288
 9977537.500750205 668.4292067223794
 1.0272123320256906e7 869.1030448701288
 1.077237529657002e7 710.7048087166128
 1.0272123320256906e7 869.1030448701288
 1.3003940447000505e7 822.9694891969004
 1.0272123320256906e7 869.1030448701288
 1.139242149488803e7 772.6333084761278
 1.0272123320256906e7 869.1030448701288
 8567891.275800109 614.9007660330958
 1.0272123320256906e7 869.1030448701288
 1.0646000993074343e7 805.4412748249773
 1.0272123320256906e7 869.1030448701288
 1.0570229466975156e7 558.3628558376596
 1.0272123320256906e7 869.1030448701288
 1.2552766640556056e7 530.5086019680339
 1.0272123320256906e7 869.1030448701288
 1.0416918281887682e7 866.3376085021168
 1.0272123320256906e7 869.1030448701288
 1.0272123320256906e7 869.1030448701288
 1.0272123320256906e7 869.1030448701288
 1.0511765664030656e7 594.0462323211755
 1.0272123320256906e7 869.1030448701288
 9843385.558329346 782.790782305521
 1.0272123320256906e7 869.1030448701288
 1.0326983545867769e7 640.7639447855869
 1.0272123320256906e7 869.1030448701288
 1.1404194212174272e7 871.393020728467
 1.0272123320256906e7 869.1030448701288
 7616034.688260943 827.938501990305
 1.0272123320256906e7 869.1030448701288
 1.1702632176643398e7 816.5647052422261
 1.0272123320256906e7 869.1030448701288
 1.0061572198039468e7 817.3545164902209
 1.0272123320256906e7 869.1030448701288
 7882328.364622731 1010.0846009407047
 1.0272123320256906e7 869.1030448701288
 7378257.826985719 945.3060939207961
 1.0272123320256906e7 869.1030448701288
 7774603.057251008 786.1430051784374
 1.0272123320256906e7 869.1030448701288
 8187466.01046188 668.4071419880971
 1.0272123320256906e7 869.1030448701288
 1.0324578284191186e7 523.8002841465865
 1.0272123320256906e7 869.1030448701288
 1.2026569088723889e7 610.1238686909509
 1.0272123320256906e7 869.1030448701288
 7102645.887487115 624.7605597288125
 1.0272123320256906e7 869.1030448701288
 8368247.058977199 703.745995870761
 1.0272123320256906e7 869.1030448701288
 1.0169659155662712e7 799.9031105472909
 1.0272123320256906e7 869.1030448701288
 1.0478569181614302e7 296.23261281007524
 1.0272123320256906e7 869.1030448701288
 2.9684947590987418e7 492.63442602489727
 1.0272123320256906e7 869.1030448701288
 3.014143294277447e7 447.80492795447003
 1.0272123320256906e7 869.1030448701288
 2.9794042096230056e7 579.0918486995937
 1.0272123320256906e7 869.1030448701288
 3.0589660111897964e7 298.2527824148743
 1.0272123320256906e7 869.1030448701288
 2.944695455729069e7 473.17103839735194
 1.0272123320256906e7 869.1030448701288
 3.060144694262906e7 541.168127605083
 1.0272123320256906e7 869.1030448701288
 3.015132292071615e7 -325.6850501907738
 1.0272123320256906e7 869.1030448701288
 3.2535563405240707e7 412.2750730849776
 1.0272123320256906e7 869.1030448701288
 3.112709140206908e7 501.90355188194326
 1.0272123320256906e7 869.1030448701288
 2.9448143862286847e7 722.7879542112058
 1.0272123320256906e7 869.1030448701288
 2.9056439862631854e7 255.74031471814519
 1.0272123320256906e7 869.1030448701288
 3.116898351355738e7 472.00291585370155
 1.0272123320256906e7 869.1030448701288
 3.1517434048383974e7 194.6418199146684
 1.0272123320256906e7 869.1030448701288
 3.0573179524280984e7 517.4171379005134
 1.0272123320256906e7 869.1030448701288
 2.8992488020000983e7 239.90848547309346
 1.0272123320256906e7 869.1030448701288
 2.7572142809352845e7 800.6207771208753
 1.0272123320256906e7 869.1030448701288
 3.018511327861465e7 500.6807750339303
 1.0272123320256906e7 869.1030448701288
 3.0722151180651687e7 69.33580359682784
 1.0272123320256906e7 869.1030448701288
 2.9723556239273008e7 404.9641616691117
 1.0272123320256906e7 869.1030448701288
 2.9118153912041105e7 472.880773136656
 1.0272123320256906e7 869.1030448701288
 3.118800969682245e7 398.0354996310826
 1.0272123320256906e7 869.1030448701288
 3.396475790198319e7 457.02794606694033
 1.0272123320256906e7 869.1030448701288
 3.100295572979328e7 52.517043086551084
 1.0272123320256906e7 869.1030448701288
 3.0574461682102885e7 337.8331789473815
 1.0272123320256906e7 869.1030448701288
 3.097173639510318e7 702.884492927496
 1.0272123320256906e7 869.1030448701288
 2.9811703941784248e7 171.25542146982147
 1.0272123320256906e7 869.1030448701288
 2.8413275622155525e7 302.34519861966754
 1.0272123320256906e7 869.1030448701288
 2.420683110536867e7 470.57738029952816
 1.0272123320256906e7 869.1030448701288
 3.2215577642066307e7 517.5306478946403
 1.0272123320256906e7 869.1030448701288
 3.1873253599705223e7 249.18923279783095
 1.0272123320256906e7 869.1030448701288
 3.043815197776242e7 173.39029667438987
 1.0272123320256906e7 869.1030448701288
 3.1054493550470017e7 901.9210226586163
 1.0272123320256906e7 869.1030448701288
 2.9745808786139555e7 372.0466526816218
 1.0272123320256906e7 869.1030448701288
 2.8329671500361715e7 286.74860311847084
 1.0272123320256906e7 869.1030448701288
 2.9137154795126263e7 415.43998696754875
 1.0272123320256906e7 869.1030448701288
 2.945179743935097e7 535.9942078901796
 1.0272123320256906e7 869.1030448701288
 2.975566816927881e7 436.0606821551656
 1.0272123320256906e7 869.1030448701288
 3.166926339735837e7 486.9076609613734
 1.0272123320256906e7 869.1030448701288
 3.1457972853379067e7 410.22511821024
 1.0272123320256906e7 869.1030448701288
 3.053038766121646e7 576.9387482728953
 1.0272123320256906e7 869.1030448701288
 3.3371203238629866e7 -95.38675076278335
 1.0272123320256906e7 869.1030448701288
 3.0112851657439083e7 358.55907671420687
 1.0272123320256906e7 869.1030448701288
 3.2453230645697154e7 391.81418237208396
 1.0272123320256906e7 869.1030448701288
 3.1721372416263722e7 627.2023348724347
 1.0272123320256906e7 869.1030448701288
 2.868569178020002e7 301.13188947420997
 1.0272123320256906e7 869.1030448701288
 3.0709757195285648e7 65.6048909615723
 1.0272123320256906e7 869.1030448701288
 2.7227448013392083e7 354.8623092120576
 1.0272123320256906e7 869.1030448701288
 3.3474671836069044e7 289.32253734178136
 1.0272123320256906e7 869.1030448701288
 3.397700191437713e7 292.1716718892691
 1.0272123320256906e7 869.1030448701288
 2.9130734164253384e7 567.6404822866145
 1.0272123320256906e7 869.1030448701288
 5.003973789068445e7 131.54237137310764
 1.0272123320256906e7 869.1030448701288
 4.8451703664532505e7 643.6482312808187
 1.0272123320256906e7 869.1030448701288
 5.030797088081323e7 392.0125910949385
 1.0272123320256906e7 869.1030448701288
 5.002251821520243e7 411.0196992506662
 1.0272123320256906e7 869.1030448701288
 5.114936710011509e7 7.08271836596619
 1.0272123320256906e7 869.1030448701288
 5.0127376620278046e7 692.2521627666455
 1.0272123320256906e7 869.1030448701288
 5.086447676219539e7 465.0613149475502
 1.0272123320256906e7 869.1030448701288
 5.112317281968478e7 598.8810761161675
 1.0272123320256906e7 869.1030448701288
 5.0302872865741074e7 195.59750734631177
 1.0272123320256906e7 869.1030448701288
 4.706927987215475e7 780.2886204689863
 1.0272123320256906e7 869.1030448701288
 5.0372257199743114e7 534.821601372415
 1.0272123320256906e7 869.1030448701288
 4.909733078264688e7 1065.4599254779584
 1.0272123320256906e7 869.1030448701288
 4.859541534053065e7 550.9799036817038
 1.0272123320256906e7 869.1030448701288
 4.8187274672989756e7 608.3793170462703
 1.0272123320256906e7 869.1030448701288
 4.931835762996319e7 299.0738671591505
 1.0272123320256906e7 869.1030448701288
 4.967022335944034e7 745.8968094440253
 1.0272123320256906e7 869.1030448701288
 4.8872435075491056e7 761.5251593244974
 1.0272123320256906e7 869.1030448701288
 5.0553267866331935e7 760.5210233539306
 1.0272123320256906e7 869.1030448701288
 5.163166625153226e7 555.08285982925
 1.0272123320256906e7 869.1030448701288
 4.980867249551514e7 580.5667429018965
 1.0272123320256906e7 869.1030448701288
 5.143269501356852e7 559.9245403499079
 1.0272123320256906e7 869.1030448701288
 5.389154426499731e7 299.8761697474478
 1.0272123320256906e7 869.1030448701288
 4.7515262138258316e7 683.6204099193686
 1.0272123320256906e7 869.1030448701288
 5.4656977421976775e7 633.5882151501334
 1.0272123320256906e7 869.1030448701288
 5.2204156036783636e7 680.1434265183115
 1.0272123320256906e7 869.1030448701288
 5.01821338387122e7 424.3202276298965
 1.0272123320256906e7 869.1030448701288
 4.583363775191689e7 499.17468937983324
 1.0272123320256906e7 869.1030448701288
 4.539187007192187e7 -321.21158809374805
 1.0272123320256906e7 869.1030448701288
 4.988633918329649e7 506.33844968314224
 1.0272123320256906e7 869.1030448701288
 4.885440122037779e7 410.16652736323385
 1.0272123320256906e7 869.1030448701288
 4.793759999819904e7 478.19420314681025
 1.0272123320256906e7 869.1030448701288
 4.932747143480811e7 376.5562723606448
 1.0272123320256906e7 869.1030448701288
 5.0648046387622945e7 661.602565153697
 1.0272123320256906e7 869.1030448701288
 5.103809407163734e7 577.6111822070626
 1.0272123320256906e7 869.1030448701288
 5.167243350257663e7 540.5686829460783
 1.0272123320256906e7 869.1030448701288
 4.94268831986186e7 445.761808324508
 1.0272123320256906e7 869.1030448701288
 5.042628515986146e7 290.4375429185074
 1.0272123320256906e7 869.1030448701288
 5.0246883978189096e7 589.4050105503081
 1.0272123320256906e7 869.1030448701288
 4.907216112365787e7 348.606661823176
 1.0272123320256906e7 869.1030448701288
 5.178184645965342e7 321.8239832847827
 1.0272123320256906e7 869.1030448701288
 5.380925498635867e7 477.919005445498
 1.0272123320256906e7 869.1030448701288
 4.86128569227116e7 422.29498544010715
 1.0272123320256906e7 869.1030448701288
 5.188176338033519e7 756.2923358513364
 1.0272123320256906e7 869.1030448701288
 4.864374153541177e7 569.5608956967553
 1.0272123320256906e7 869.1030448701288
 5.015242981087684e7 465.3402360400812
 1.0272123320256906e7 869.1030448701288
 4.965840468720353e7 391.08650406895487
 1.0272123320256906e7 869.1030448701288
 4.879189332723322e7 309.86883577109046
 1.0272123320256906e7 869.1030448701288
 5.051561759003504e7 -130.30065853589767
 1.0272123320256906e7 869.1030448701288
 4.884159119722867e7 320.7649049432879
 1.0272123320256906e7 869.1030448701288
 4.824951226339025e7 260.1293695212984
 1.0272123320256906e7 869.1030448701288
 2023165.1257020012 443.07966381532333
 1.0272123320256906e7 869.1030448701288
 -1595124.1140026234 541.7859559864021
 1.0272123320256906e7 869.1030448701288
 731727.1687337937 452.7364701559614
 1.0272123320256906e7 869.1030448701288
 -3998510.3440746106 456.02821612494773
 1.0272123320256906e7 869.1030448701288
 -1957524.6376236682 578.2759057883829
 1.0272123320256906e7 869.1030448701288
 1962365.3366115869 517.3795590943428
 1.0272123320256906e7 869.1030448701288
 -2126917.2115884153 660.323014370129
 1.0272123320256906e7 869.1030448701288
 -8193.835568909617 575.5781434924006
 1.0272123320256906e7 869.1030448701288
 -816424.2869513137 475.54502024998936
 1.0272123320256906e7 869.1030448701288
 -439442.4244472356 581.6996059929189
 1.0272123320256906e7 869.1030448701288
 429874.9762999296 672.5932850812397
 1.0272123320256906e7 869.1030448701288
 -1598123.15985521 385.63307958400617
 1.0272123320256906e7 869.1030448701288
 446036.1717991831 639.5610114034806
 1.0272123320256906e7 869.1030448701288
 -763498.6614430977 434.42005776587564
 1.0272123320256906e7 869.1030448701288
 -1291932.06292977 418.4484315423483
 1.0272123320256906e7 869.1030448701288
 1433841.2855452609 788.3966659054398
 1.0272123320256906e7 869.1030448701288
 -1181846.9988108599 562.0359474320525
 1.0272123320256906e7 869.1030448701288
 195978.4708373026 420.8245357659491
 1.0272123320256906e7 869.1030448701288
 681818.324695017 477.5614199858299
 1.0272123320256906e7 869.1030448701288
 361883.24930670514 195.9001293649192
 1.0272123320256906e7 869.1030448701288
 3753671.260393713 694.3347994035418
 1.0272123320256906e7 869.1030448701288
 148445.09294925208 542.9849282173004
 1.0272123320256906e7 869.1030448701288
 1060032.1361027155 413.2689326348922
 1.0272123320256906e7 869.1030448701288
 976619.8840525873 1003.8355030483115
 1.0272123320256906e7 869.1030448701288
 863879.3073226183 310.57643764615995
 1.0272123320256906e7 869.1030448701288
 786633.8493775118 611.2766278342556
 1.0272123320256906e7 869.1030448701288
 -505802.31986116804 398.5040564988361
 1.0272123320256906e7 869.1030448701288
 -3020288.873042005 587.1743140911009
 1.0272123320256906e7 869.1030448701288
 -1054208.7883807535 529.3908559117041
 1.0272123320256906e7 869.1030448701288
 1047716.0351166425 601.5517886779604
 1.0272123320256906e7 869.1030448701288
 -1359217.114913969 751.767509845422
 1.0272123320256906e7 869.1030448701288
 289050.9033090621 16.32882380341627
 1.0272123320256906e7 869.1030448701288
 2144741.6345136585 532.7786686765224
 1.0272123320256906e7 869.1030448701288
 948302.6284947747 505.97062402123106
 1.0272123320256906e7 869.1030448701288
 -2177312.8453291347 695.7233689862625
 1.0272123320256906e7 869.1030448701288
 -2959598.798194713 499.8877951414935
 1.0272123320256906e7 869.1030448701288
 -2294626.607964033 338.2295533467824
 1.0272123320256906e7 869.1030448701288
 525855.0963264802 952.527191832532
 1.0272123320256906e7 869.1030448701288
 233953.70917308936 663.8732393022152
 1.0272123320256906e7 869.1030448701288
 264938.3922832338 694.7479505936768
 1.0272123320256906e7 869.1030448701288
 -217801.7585488703 410.06104535735346
 1.0272123320256906e7 869.1030448701288
 643796.4471466205 380.52334966089893
 1.0272123320256906e7 869.1030448701288
 -1424783.5458672035 468.91414361088715
 1.0272123320256906e7 869.1030448701288
 -1690275.4584952553 235.61491643878801
 1.0272123320256906e7 869.1030448701288
 852820.5687668333 646.6373613348118
 1.0272123320256906e7 869.1030448701288
 808491.5298567985 366.0136221134928
 1.0272123320256906e7 869.1030448701288
 -1509767.0268732428 521.6101953255696
 1.0272123320256906e7 869.1030448701288
 -754003.5251572656 417.093271469488
 1.0272123320256906e7 869.1030448701288
 734147.8087816394 410.0724462623248
 1.0272123320256906e7 869.1030448701288
 -139122.1723548981 714.8991245774642
 681818.324695017 477.5614199858299
 8115958.732090169 924.5961076014246
 681818.324695017 477.5614199858299
 9390347.063524632 387.79887729132236
 681818.324695017 477.5614199858299
 1.3594514173031744e7 620.7074935561368
 681818.324695017 477.5614199858299
 9683264.023492422 841.6060196025763
 681818.324695017 477.5614199858299
 1.02918254157625e7 738.6072931242912
 681818.324695017 477.5614199858299
 1.035192900674881e7 677.7632622702621
 681818.324695017 477.5614199858299
 8612336.615834726 576.735216092854
 681818.324695017 477.5614199858299
 1.1054578174682185e7 706.9179329728266
 681818.324695017 477.5614199858299
 8168195.678615676 607.2903603261326
 681818.324695017 477.5614199858299
 1.016697502836803e7 339.4726222009372
 681818.324695017 477.5614199858299
 9348162.617329733 698.6585053082658
 681818.324695017 477.5614199858299
 1.2069188815590773e7 1077.8250212434907
 681818.324695017 477.5614199858299
 9571473.797039546 1149.8949517943809
 681818.324695017 477.5614199858299
 1.1923908409257542e7 741.7905603424106
 681818.324695017 477.5614199858299
 6519984.413252162 1011.5189937881728
 681818.324695017 477.5614199858299
 1.2941164404054008e7 881.7733364207262
 681818.324695017 477.5614199858299
 7262200.137562009 838.6418150666375
 681818.324695017 477.5614199858299
 1.1459628877760682e7 548.4207252734557
 681818.324695017 477.5614199858299
 1.0969012549341552e7 764.6057169261351
 681818.324695017 477.5614199858299
 9388446.96311835 638.473591980615
 681818.324695017 477.5614199858299
 1.1001842281222416e7 541.6487298196157
 681818.324695017 477.5614199858299
 1.1115906137878353e7 646.2124654172062
 681818.324695017 477.5614199858299
 8468612.870206116 661.8197732101763
 681818.324695017 477.5614199858299
 9977537.500750205 668.4292067223794
 681818.324695017 477.5614199858299
 1.077237529657002e7 710.7048087166128
 681818.324695017 477.5614199858299
 1.3003940447000505e7 822.9694891969004
 681818.324695017 477.5614199858299
 1.139242149488803e7 772.6333084761278
 681818.324695017 477.5614199858299
 8567891.275800109 614.9007660330958
 681818.324695017 477.5614199858299
 1.0646000993074343e7 805.4412748249773
 681818.324695017 477.5614199858299
 1.0570229466975156e7 558.3628558376596
 681818.324695017 477.5614199858299
 1.2552766640556056e7 530.5086019680339
 681818.324695017 477.5614199858299
 1.0416918281887682e7 866.3376085021168
 681818.324695017 477.5614199858299
 1.0272123320256906e7 869.1030448701288
 681818.324695017 477.5614199858299
 1.0511765664030656e7 594.0462323211755
 681818.324695017 477.5614199858299
 9843385.558329346 782.790782305521
 681818.324695017 477.5614199858299
 1.0326983545867769e7 640.7639447855869
 681818.324695017 477.5614199858299
 1.1404194212174272e7 871.393020728467
 681818.324695017 477.5614199858299
 7616034.688260943 827.938501990305
 681818.324695017 477.5614199858299
 1.1702632176643398e7 816.5647052422261
 681818.324695017 477.5614199858299
 1.0061572198039468e7 817.3545164902209
 681818.324695017 477.5614199858299
 7882328.364622731 1010.0846009407047
 681818.324695017 477.5614199858299
 7378257.826985719 945.3060939207961
 681818.324695017 477.5614199858299
 7774603.057251008 786.1430051784374
 681818.324695017 477.5614199858299
 8187466.01046188 668.4071419880971
 681818.324695017 477.5614199858299
 1.0324578284191186e7 523.8002841465865
 681818.324695017 477.5614199858299
 1.2026569088723889e7 610.1238686909509
 681818.324695017 477.5614199858299
 7102645.887487115 624.7605597288125
 681818.324695017 477.5614199858299
 8368247.058977199 703.745995870761
 681818.324695017 477.5614199858299
 1.0169659155662712e7 799.9031105472909
 681818.324695017 477.5614199858299
 1.0478569181614302e7 296.23261281007524
 681818.324695017 477.5614199858299
 2.9684947590987418e7 492.63442602489727
 681818.324695017 477.5614199858299
 3.014143294277447e7 447.80492795447003
 681818.324695017 477.5614199858299
 2.9794042096230056e7 579.0918486995937
 681818.324695017 477.5614199858299
 3.0589660111897964e7 298.2527824148743
 681818.324695017 477.5614199858299
 2.944695455729069e7 473.17103839735194
 681818.324695017 477.5614199858299
 3.060144694262906e7 541.168127605083
 681818.324695017 477.5614199858299
 3.015132292071615e7 -325.6850501907738
 681818.324695017 477.5614199858299
 3.2535563405240707e7 412.2750730849776
 681818.324695017 477.5614199858299
 3.112709140206908e7 501.90355188194326
 681818.324695017 477.5614199858299
 2.9448143862286847e7 722.7879542112058
 681818.324695017 477.5614199858299
 2.9056439862631854e7 255.74031471814519
 681818.324695017 477.5614199858299
 3.116898351355738e7 472.00291585370155
 681818.324695017 477.5614199858299
 3.1517434048383974e7 194.6418199146684
 681818.324695017 477.5614199858299
 3.0573179524280984e7 517.4171379005134
 681818.324695017 477.5614199858299
 2.8992488020000983e7 239.90848547309346
 681818.324695017 477.5614199858299
 2.7572142809352845e7 800.6207771208753
 681818.324695017 477.5614199858299
 3.018511327861465e7 500.6807750339303
 681818.324695017 477.5614199858299
 3.0722151180651687e7 69.33580359682784
 681818.324695017 477.5614199858299
 2.9723556239273008e7 404.9641616691117
 681818.324695017 477.5614199858299
 2.9118153912041105e7 472.880773136656
 681818.324695017 477.5614199858299
 3.118800969682245e7 398.0354996310826
 681818.324695017 477.5614199858299
 3.396475790198319e7 457.02794606694033
 681818.324695017 477.5614199858299
 3.100295572979328e7 52.517043086551084
 681818.324695017 477.5614199858299
 3.0574461682102885e7 337.8331789473815
 681818.324695017 477.5614199858299
 3.097173639510318e7 702.884492927496
 681818.324695017 477.5614199858299
 2.9811703941784248e7 171.25542146982147
 681818.324695017 477.5614199858299
 2.8413275622155525e7 302.34519861966754
 681818.324695017 477.5614199858299
 2.420683110536867e7 470.57738029952816
 681818.324695017 477.5614199858299
 3.2215577642066307e7 517.5306478946403
 681818.324695017 477.5614199858299
 3.1873253599705223e7 249.18923279783095
 681818.324695017 477.5614199858299
 3.043815197776242e7 173.39029667438987
 681818.324695017 477.5614199858299
 3.1054493550470017e7 901.9210226586163
 681818.324695017 477.5614199858299
 2.9745808786139555e7 372.0466526816218
 681818.324695017 477.5614199858299
 2.8329671500361715e7 286.74860311847084
 681818.324695017 477.5614199858299
 2.9137154795126263e7 415.43998696754875
 681818.324695017 477.5614199858299
 2.945179743935097e7 535.9942078901796
 681818.324695017 477.5614199858299
 2.975566816927881e7 436.0606821551656
 681818.324695017 477.5614199858299
 3.166926339735837e7 486.9076609613734
 681818.324695017 477.5614199858299
 3.1457972853379067e7 410.22511821024
 681818.324695017 477.5614199858299
 3.053038766121646e7 576.9387482728953
 681818.324695017 477.5614199858299
 3.3371203238629866e7 -95.38675076278335
 681818.324695017 477.5614199858299
 3.0112851657439083e7 358.55907671420687
 681818.324695017 477.5614199858299
 3.2453230645697154e7 391.81418237208396
 681818.324695017 477.5614199858299
 3.1721372416263722e7 627.2023348724347
 681818.324695017 477.5614199858299
 2.868569178020002e7 301.13188947420997
 681818.324695017 477.5614199858299
 3.0709757195285648e7 65.6048909615723
 681818.324695017 477.5614199858299
 2.7227448013392083e7 354.8623092120576
 681818.324695017 477.5614199858299
 3.3474671836069044e7 289.32253734178136
 681818.324695017 477.5614199858299
 3.397700191437713e7 292.1716718892691
 681818.324695017 477.5614199858299
 2.9130734164253384e7 567.6404822866145
 681818.324695017 477.5614199858299
 5.003973789068445e7 131.54237137310764
 681818.324695017 477.5614199858299
 4.8451703664532505e7 643.6482312808187
 681818.324695017 477.5614199858299
 5.030797088081323e7 392.0125910949385
 681818.324695017 477.5614199858299
 5.002251821520243e7 411.0196992506662
 681818.324695017 477.5614199858299
 5.114936710011509e7 7.08271836596619
 681818.324695017 477.5614199858299
 5.0127376620278046e7 692.2521627666455
 681818.324695017 477.5614199858299
 5.086447676219539e7 465.0613149475502
 681818.324695017 477.5614199858299
 5.112317281968478e7 598.8810761161675
 681818.324695017 477.5614199858299
 5.0302872865741074e7 195.59750734631177
 681818.324695017 477.5614199858299
 4.706927987215475e7 780.2886204689863
 681818.324695017 477.5614199858299
 5.0372257199743114e7 534.821601372415
 681818.324695017 477.5614199858299
 4.909733078264688e7 1065.4599254779584
 681818.324695017 477.5614199858299
 4.859541534053065e7 550.9799036817038
 681818.324695017 477.5614199858299
 4.8187274672989756e7 608.3793170462703
 681818.324695017 477.5614199858299
 4.931835762996319e7 299.0738671591505
 681818.324695017 477.5614199858299
 4.967022335944034e7 745.8968094440253
 681818.324695017 477.5614199858299
 4.8872435075491056e7 761.5251593244974
 681818.324695017 477.5614199858299
 5.0553267866331935e7 760.5210233539306
 681818.324695017 477.5614199858299
 5.163166625153226e7 555.08285982925
 681818.324695017 477.5614199858299
 4.980867249551514e7 580.5667429018965
 681818.324695017 477.5614199858299
 5.143269501356852e7 559.9245403499079
 681818.324695017 477.5614199858299
 5.389154426499731e7 299.8761697474478
 681818.324695017 477.5614199858299
 4.7515262138258316e7 683.6204099193686
 681818.324695017 477.5614199858299
 5.4656977421976775e7 633.5882151501334
 681818.324695017 477.5614199858299
 5.2204156036783636e7 680.1434265183115
 681818.324695017 477.5614199858299
 5.01821338387122e7 424.3202276298965
 681818.324695017 477.5614199858299
 4.583363775191689e7 499.17468937983324
 681818.324695017 477.5614199858299
 4.539187007192187e7 -321.21158809374805
 681818.324695017 477.5614199858299
 4.988633918329649e7 506.33844968314224
 681818.324695017 477.5614199858299
 4.885440122037779e7 410.16652736323385
 681818.324695017 477.5614199858299
 4.793759999819904e7 478.19420314681025
 681818.324695017 477.5614199858299
 4.932747143480811e7 376.5562723606448
 681818.324695017 477.5614199858299
 5.0648046387622945e7 661.602565153697
 681818.324695017 477.5614199858299
 5.103809407163734e7 577.6111822070626
 681818.324695017 477.5614199858299
 5.167243350257663e7 540.5686829460783
 681818.324695017 477.5614199858299
 4.94268831986186e7 445.761808324508
 681818.324695017 477.5614199858299
 5.042628515986146e7 290.4375429185074
 681818.324695017 477.5614199858299
 5.0246883978189096e7 589.4050105503081
 681818.324695017 477.5614199858299
 4.907216112365787e7 348.606661823176
 681818.324695017 477.5614199858299
 5.178184645965342e7 321.8239832847827
 681818.324695017 477.5614199858299
 5.380925498635867e7 477.919005445498
 681818.324695017 477.5614199858299
 4.86128569227116e7 422.29498544010715
 681818.324695017 477.5614199858299
 5.188176338033519e7 756.2923358513364
 681818.324695017 477.5614199858299
 4.864374153541177e7 569.5608956967553
 681818.324695017 477.5614199858299
 5.015242981087684e7 465.3402360400812
 681818.324695017 477.5614199858299
 4.965840468720353e7 391.08650406895487
 681818.324695017 477.5614199858299
 4.879189332723322e7 309.86883577109046
 681818.324695017 477.5614199858299
 5.051561759003504e7 -130.30065853589767
 681818.324695017 477.5614199858299
 4.884159119722867e7 320.7649049432879
 681818.324695017 477.5614199858299
 4.824951226339025e7 260.1293695212984
 681818.324695017 477.5614199858299
 2023165.1257020012 443.07966381532333
 681818.324695017 477.5614199858299
 -1595124.1140026234 541.7859559864021
 681818.324695017 477.5614199858299
 731727.1687337937 452.7364701559614
 681818.324695017 477.5614199858299
 -3998510.3440746106 456.02821612494773
 681818.324695017 477.5614199858299
 -1957524.6376236682 578.2759057883829
 681818.324695017 477.5614199858299
 1962365.3366115869 517.3795590943428
 681818.324695017 477.5614199858299
 -2126917.2115884153 660.323014370129
 681818.324695017 477.5614199858299
 -8193.835568909617 575.5781434924006
 681818.324695017 477.5614199858299
 -816424.2869513137 475.54502024998936
 681818.324695017 477.5614199858299
 -439442.4244472356 581.6996059929189
 681818.324695017 477.5614199858299
 429874.9762999296 672.5932850812397
 681818.324695017 477.5614199858299
 -1598123.15985521 385.63307958400617
 681818.324695017 477.5614199858299
 446036.1717991831 639.5610114034806
 681818.324695017 477.5614199858299
 -763498.6614430977 434.42005776587564
 681818.324695017 477.5614199858299
 -1291932.06292977 418.4484315423483
 681818.324695017 477.5614199858299
 1433841.2855452609 788.3966659054398
 681818.324695017 477.5614199858299
 -1181846.9988108599 562.0359474320525
 681818.324695017 477.5614199858299
 195978.4708373026 420.8245357659491
 681818.324695017 477.5614199858299
 681818.324695017 477.5614199858299
 681818.324695017 477.5614199858299
 361883.24930670514 195.9001293649192
 681818.324695017 477.5614199858299
 3753671.260393713 694.3347994035418
 681818.324695017 477.5614199858299
 148445.09294925208 542.9849282173004
 681818.324695017 477.5614199858299
 1060032.1361027155 413.2689326348922
 681818.324695017 477.5614199858299
 976619.8840525873 1003.8355030483115
 681818.324695017 477.5614199858299
 863879.3073226183 310.57643764615995
 681818.324695017 477.5614199858299
 786633.8493775118 611.2766278342556
 681818.324695017 477.5614199858299
 -505802.31986116804 398.5040564988361
 681818.324695017 477.5614199858299
 -3020288.873042005 587.1743140911009
 681818.324695017 477.5614199858299
 -1054208.7883807535 529.3908559117041
 681818.324695017 477.5614199858299
 1047716.0351166425 601.5517886779604
 681818.324695017 477.5614199858299
 -1359217.114913969 751.767509845422
 681818.324695017 477.5614199858299
 289050.9033090621 16.32882380341627
 681818.324695017 477.5614199858299
 2144741.6345136585 532.7786686765224
 681818.324695017 477.5614199858299
 948302.6284947747 505.97062402123106
 681818.324695017 477.5614199858299
 -2177312.8453291347 695.7233689862625
 681818.324695017 477.5614199858299
 -2959598.798194713 499.8877951414935
 681818.324695017 477.5614199858299
 -2294626.607964033 338.2295533467824
 681818.324695017 477.5614199858299
 525855.0963264802 952.527191832532
 681818.324695017 477.5614199858299
 233953.70917308936 663.8732393022152
 681818.324695017 477.5614199858299
 264938.3922832338 694.7479505936768
 681818.324695017 477.5614199858299
 -217801.7585488703 410.06104535735346
 681818.324695017 477.5614199858299
 643796.4471466205 380.52334966089893
 681818.324695017 477.5614199858299
 -1424783.5458672035 468.91414361088715
 681818.324695017 477.5614199858299
 -1690275.4584952553 235.61491643878801
 681818.324695017 477.5614199858299
 852820.5687668333 646.6373613348118
 681818.324695017 477.5614199858299
 808491.5298567985 366.0136221134928
 681818.324695017 477.5614199858299
 -1509767.0268732428 521.6101953255696
 681818.324695017 477.5614199858299
 -754003.5251572656 417.093271469488
 681818.324695017 477.5614199858299
 734147.8087816394 410.0724462623248
 681818.324695017 477.5614199858299
 -139122.1723548981 714.8991245774642
 361883.24930670514 195.9001293649192
 8115958.732090169 924.5961076014246
 361883.24930670514 195.9001293649192
 9390347.063524632 387.79887729132236
 361883.24930670514 195.9001293649192
 1.3594514173031744e7 620.7074935561368
 361883.24930670514 195.9001293649192
 9683264.023492422 841.6060196025763
 361883.24930670514 195.9001293649192
 1.02918254157625e7 738.6072931242912
 361883.24930670514 195.9001293649192
 1.035192900674881e7 677.7632622702621
 361883.24930670514 195.9001293649192
 8612336.615834726 576.735216092854
 361883.24930670514 195.9001293649192
 1.1054578174682185e7 706.9179329728266
 361883.24930670514 195.9001293649192
 8168195.678615676 607.2903603261326
 361883.24930670514 195.9001293649192
 1.016697502836803e7 339.4726222009372
 361883.24930670514 195.9001293649192
 9348162.617329733 698.6585053082658
 361883.24930670514 195.9001293649192
 1.2069188815590773e7 1077.8250212434907
 361883.24930670514 195.9001293649192
 9571473.797039546 1149.8949517943809
 361883.24930670514 195.9001293649192
 1.1923908409257542e7 741.7905603424106
 361883.24930670514 195.9001293649192
 6519984.413252162 1011.5189937881728
 361883.24930670514 195.9001293649192
 1.2941164404054008e7 881.7733364207262
 361883.24930670514 195.9001293649192
 7262200.137562009 838.6418150666375
 361883.24930670514 195.9001293649192
 1.1459628877760682e7 548.4207252734557
 361883.24930670514 195.9001293649192
 1.0969012549341552e7 764.6057169261351
 361883.24930670514 195.9001293649192
 9388446.96311835 638.473591980615
 361883.24930670514 195.9001293649192
 1.1001842281222416e7 541.6487298196157
 361883.24930670514 195.9001293649192
 1.1115906137878353e7 646.2124654172062
 361883.24930670514 195.9001293649192
 8468612.870206116 661.8197732101763
 361883.24930670514 195.9001293649192
 9977537.500750205 668.4292067223794
 361883.24930670514 195.9001293649192
 1.077237529657002e7 710.7048087166128
 361883.24930670514 195.9001293649192
 1.3003940447000505e7 822.9694891969004
 361883.24930670514 195.9001293649192
 1.139242149488803e7 772.6333084761278
 361883.24930670514 195.9001293649192
 8567891.275800109 614.9007660330958
 361883.24930670514 195.9001293649192
 1.0646000993074343e7 805.4412748249773
 361883.24930670514 195.9001293649192
 1.0570229466975156e7 558.3628558376596
 361883.24930670514 195.9001293649192
 1.2552766640556056e7 530.5086019680339
 361883.24930670514 195.9001293649192
 1.0416918281887682e7 866.3376085021168
 361883.24930670514 195.9001293649192
 1.0272123320256906e7 869.1030448701288
 361883.24930670514 195.9001293649192
 1.0511765664030656e7 594.0462323211755
 361883.24930670514 195.9001293649192
 9843385.558329346 782.790782305521
 361883.24930670514 195.9001293649192
 1.0326983545867769e7 640.7639447855869
 361883.24930670514 195.9001293649192
 1.1404194212174272e7 871.393020728467
 361883.24930670514 195.9001293649192
 7616034.688260943 827.938501990305
 361883.24930670514 195.9001293649192
 1.1702632176643398e7 816.5647052422261
 361883.24930670514 195.9001293649192
 1.0061572198039468e7 817.3545164902209
 361883.24930670514 195.9001293649192
 7882328.364622731 1010.0846009407047
 361883.24930670514 195.9001293649192
 7378257.826985719 945.3060939207961
 361883.24930670514 195.9001293649192
 7774603.057251008 786.1430051784374
 361883.24930670514 195.9001293649192
 8187466.01046188 668.4071419880971
 361883.24930670514 195.9001293649192
 1.0324578284191186e7 523.8002841465865
 361883.24930670514 195.9001293649192
 1.2026569088723889e7 610.1238686909509
 361883.24930670514 195.9001293649192
 7102645.887487115 624.7605597288125
 361883.24930670514 195.9001293649192
 8368247.058977199 703.745995870761
 361883.24930670514 195.9001293649192
 1.0169659155662712e7 799.9031105472909
 361883.24930670514 195.9001293649192
 1.0478569181614302e7 296.23261281007524
 361883.24930670514 195.9001293649192
 2.9684947590987418e7 492.63442602489727
 361883.24930670514 195.9001293649192
 3.014143294277447e7 447.80492795447003
 361883.24930670514 195.9001293649192
 2.9794042096230056e7 579.0918486995937
 361883.24930670514 195.9001293649192
 3.0589660111897964e7 298.2527824148743
 361883.24930670514 195.9001293649192
 2.944695455729069e7 473.17103839735194
 361883.24930670514 195.9001293649192
 3.060144694262906e7 541.168127605083
 361883.24930670514 195.9001293649192
 3.015132292071615e7 -325.6850501907738
 361883.24930670514 195.9001293649192
 3.2535563405240707e7 412.2750730849776
 361883.24930670514 195.9001293649192
 3.112709140206908e7 501.90355188194326
 361883.24930670514 195.9001293649192
 2.9448143862286847e7 722.7879542112058
 361883.24930670514 195.9001293649192
 2.9056439862631854e7 255.74031471814519
 361883.24930670514 195.9001293649192
 3.116898351355738e7 472.00291585370155
 361883.24930670514 195.9001293649192
 3.1517434048383974e7 194.6418199146684
 361883.24930670514 195.9001293649192
 3.0573179524280984e7 517.4171379005134
 361883.24930670514 195.9001293649192
 2.8992488020000983e7 239.90848547309346
 361883.24930670514 195.9001293649192
 2.7572142809352845e7 800.6207771208753
 361883.24930670514 195.9001293649192
 3.018511327861465e7 500.6807750339303
 361883.24930670514 195.9001293649192
 3.0722151180651687e7 69.33580359682784
 361883.24930670514 195.9001293649192
 2.9723556239273008e7 404.9641616691117
 361883.24930670514 195.9001293649192
 2.9118153912041105e7 472.880773136656
 361883.24930670514 195.9001293649192
 3.118800969682245e7 398.0354996310826
 361883.24930670514 195.9001293649192
 3.396475790198319e7 457.02794606694033
 361883.24930670514 195.9001293649192
 3.100295572979328e7 52.517043086551084
 361883.24930670514 195.9001293649192
 3.0574461682102885e7 337.8331789473815
 361883.24930670514 195.9001293649192
 3.097173639510318e7 702.884492927496
 361883.24930670514 195.9001293649192
 2.9811703941784248e7 171.25542146982147
 361883.24930670514 195.9001293649192
 2.8413275622155525e7 302.34519861966754
 361883.24930670514 195.9001293649192
 2.420683110536867e7 470.57738029952816
 361883.24930670514 195.9001293649192
 3.2215577642066307e7 517.5306478946403
 361883.24930670514 195.9001293649192
 3.1873253599705223e7 249.18923279783095
 361883.24930670514 195.9001293649192
 3.043815197776242e7 173.39029667438987
 361883.24930670514 195.9001293649192
 3.1054493550470017e7 901.9210226586163
 361883.24930670514 195.9001293649192
 2.9745808786139555e7 372.0466526816218
 361883.24930670514 195.9001293649192
 2.8329671500361715e7 286.74860311847084
 361883.24930670514 195.9001293649192
 2.9137154795126263e7 415.43998696754875
 361883.24930670514 195.9001293649192
 2.945179743935097e7 535.9942078901796
 361883.24930670514 195.9001293649192
 2.975566816927881e7 436.0606821551656
 361883.24930670514 195.9001293649192
 3.166926339735837e7 486.9076609613734
 361883.24930670514 195.9001293649192
 3.1457972853379067e7 410.22511821024
 361883.24930670514 195.9001293649192
 3.053038766121646e7 576.9387482728953
 361883.24930670514 195.9001293649192
 3.3371203238629866e7 -95.38675076278335
 361883.24930670514 195.9001293649192
 3.0112851657439083e7 358.55907671420687
 361883.24930670514 195.9001293649192
 3.2453230645697154e7 391.81418237208396
 361883.24930670514 195.9001293649192
 3.1721372416263722e7 627.2023348724347
 361883.24930670514 195.9001293649192
 2.868569178020002e7 301.13188947420997
 361883.24930670514 195.9001293649192
 3.0709757195285648e7 65.6048909615723
 361883.24930670514 195.9001293649192
 2.7227448013392083e7 354.8623092120576
 361883.24930670514 195.9001293649192
 3.3474671836069044e7 289.32253734178136
 361883.24930670514 195.9001293649192
 3.397700191437713e7 292.1716718892691
 361883.24930670514 195.9001293649192
 2.9130734164253384e7 567.6404822866145
 361883.24930670514 195.9001293649192
 5.003973789068445e7 131.54237137310764
 361883.24930670514 195.9001293649192
 4.8451703664532505e7 643.6482312808187
 361883.24930670514 195.9001293649192
 5.030797088081323e7 392.0125910949385
 361883.24930670514 195.9001293649192
 5.002251821520243e7 411.0196992506662
 361883.24930670514 195.9001293649192
 5.114936710011509e7 7.08271836596619
 361883.24930670514 195.9001293649192
 5.0127376620278046e7 692.2521627666455
 361883.24930670514 195.9001293649192
 5.086447676219539e7 465.0613149475502
 361883.24930670514 195.9001293649192
 5.112317281968478e7 598.8810761161675
 361883.24930670514 195.9001293649192
 5.0302872865741074e7 195.59750734631177
 361883.24930670514 195.9001293649192
 4.706927987215475e7 780.2886204689863
 361883.24930670514 195.9001293649192
 5.0372257199743114e7 534.821601372415
 361883.24930670514 195.9001293649192
 4.909733078264688e7 1065.4599254779584
 361883.24930670514 195.9001293649192
 4.859541534053065e7 550.9799036817038
 361883.24930670514 195.9001293649192
 4.8187274672989756e7 608.3793170462703
 361883.24930670514 195.9001293649192
 4.931835762996319e7 299.0738671591505
 361883.24930670514 195.9001293649192
 4.967022335944034e7 745.8968094440253
 361883.24930670514 195.9001293649192
 4.8872435075491056e7 761.5251593244974
 361883.24930670514 195.9001293649192
 5.0553267866331935e7 760.5210233539306
 361883.24930670514 195.9001293649192
 5.163166625153226e7 555.08285982925
 361883.24930670514 195.9001293649192
 4.980867249551514e7 580.5667429018965
 361883.24930670514 195.9001293649192
 5.143269501356852e7 559.9245403499079
 361883.24930670514 195.9001293649192
 5.389154426499731e7 299.8761697474478
 361883.24930670514 195.9001293649192
 4.7515262138258316e7 683.6204099193686
 361883.24930670514 195.9001293649192
 5.4656977421976775e7 633.5882151501334
 361883.24930670514 195.9001293649192
 5.2204156036783636e7 680.1434265183115
 361883.24930670514 195.9001293649192
 5.01821338387122e7 424.3202276298965
 361883.24930670514 195.9001293649192
 4.583363775191689e7 499.17468937983324
 361883.24930670514 195.9001293649192
 4.539187007192187e7 -321.21158809374805
 361883.24930670514 195.9001293649192
 4.988633918329649e7 506.33844968314224
 361883.24930670514 195.9001293649192
 4.885440122037779e7 410.16652736323385
 361883.24930670514 195.9001293649192
 4.793759999819904e7 478.19420314681025
 361883.24930670514 195.9001293649192
 4.932747143480811e7 376.5562723606448
 361883.24930670514 195.9001293649192
 5.0648046387622945e7 661.602565153697
 361883.24930670514 195.9001293649192
 5.103809407163734e7 577.6111822070626
 361883.24930670514 195.9001293649192
 5.167243350257663e7 540.5686829460783
 361883.24930670514 195.9001293649192
 4.94268831986186e7 445.761808324508
 361883.24930670514 195.9001293649192
 5.042628515986146e7 290.4375429185074
 361883.24930670514 195.9001293649192
 5.0246883978189096e7 589.4050105503081
 361883.24930670514 195.9001293649192
 4.907216112365787e7 348.606661823176
 361883.24930670514 195.9001293649192
 5.178184645965342e7 321.8239832847827
 361883.24930670514 195.9001293649192
 5.380925498635867e7 477.919005445498
 361883.24930670514 195.9001293649192
 4.86128569227116e7 422.29498544010715
 361883.24930670514 195.9001293649192
 5.188176338033519e7 756.2923358513364
 361883.24930670514 195.9001293649192
 4.864374153541177e7 569.5608956967553
 361883.24930670514 195.9001293649192
 5.015242981087684e7 465.3402360400812
 361883.24930670514 195.9001293649192
 4.965840468720353e7 391.08650406895487
 361883.24930670514 195.9001293649192
 4.879189332723322e7 309.86883577109046
 361883.24930670514 195.9001293649192
 5.051561759003504e7 -130.30065853589767
 361883.24930670514 195.9001293649192
 4.884159119722867e7 320.7649049432879
 361883.24930670514 195.9001293649192
 4.824951226339025e7 260.1293695212984
 361883.24930670514 195.9001293649192
 2023165.1257020012 443.07966381532333
 361883.24930670514 195.9001293649192
 -1595124.1140026234 541.7859559864021
 361883.24930670514 195.9001293649192
 731727.1687337937 452.7364701559614
 361883.24930670514 195.9001293649192
 -3998510.3440746106 456.02821612494773
 361883.24930670514 195.9001293649192
 -1957524.6376236682 578.2759057883829
 361883.24930670514 195.9001293649192
 1962365.3366115869 517.3795590943428
 361883.24930670514 195.9001293649192
 -2126917.2115884153 660.323014370129
 361883.24930670514 195.9001293649192
 -8193.835568909617 575.5781434924006
 361883.24930670514 195.9001293649192
 -816424.2869513137 475.54502024998936
 361883.24930670514 195.9001293649192
 -439442.4244472356 581.6996059929189
 361883.24930670514 195.9001293649192
 429874.9762999296 672.5932850812397
 361883.24930670514 195.9001293649192
 -1598123.15985521 385.63307958400617
 361883.24930670514 195.9001293649192
 446036.1717991831 639.5610114034806
 361883.24930670514 195.9001293649192
 -763498.6614430977 434.42005776587564
 361883.24930670514 195.9001293649192
 -1291932.06292977 418.4484315423483
 361883.24930670514 195.9001293649192
 1433841.2855452609 788.3966659054398
 361883.24930670514 195.9001293649192
 -1181846.9988108599 562.0359474320525
 361883.24930670514 195.9001293649192
 195978.4708373026 420.8245357659491
 361883.24930670514 195.9001293649192
 681818.324695017 477.5614199858299
 361883.24930670514 195.9001293649192
 361883.24930670514 195.9001293649192
 361883.24930670514 195.9001293649192
 3753671.260393713 694.3347994035418
 361883.24930670514 195.9001293649192
 148445.09294925208 542.9849282173004
 361883.24930670514 195.9001293649192
 1060032.1361027155 413.2689326348922
 361883.24930670514 195.9001293649192
 976619.8840525873 1003.8355030483115
 361883.24930670514 195.9001293649192
 863879.3073226183 310.57643764615995
 361883.24930670514 195.9001293649192
 786633.8493775118 611.2766278342556
 361883.24930670514 195.9001293649192
 -505802.31986116804 398.5040564988361
 361883.24930670514 195.9001293649192
 -3020288.873042005 587.1743140911009
 361883.24930670514 195.9001293649192
 -1054208.7883807535 529.3908559117041
 361883.24930670514 195.9001293649192
 1047716.0351166425 601.5517886779604
 361883.24930670514 195.9001293649192
 -1359217.114913969 751.767509845422
 361883.24930670514 195.9001293649192
 289050.9033090621 16.32882380341627
 361883.24930670514 195.9001293649192
 2144741.6345136585 532.7786686765224
 361883.24930670514 195.9001293649192
 948302.6284947747 505.97062402123106
 361883.24930670514 195.9001293649192
 -2177312.8453291347 695.7233689862625
 361883.24930670514 195.9001293649192
 -2959598.798194713 499.8877951414935
 361883.24930670514 195.9001293649192
 -2294626.607964033 338.2295533467824
 361883.24930670514 195.9001293649192
 525855.0963264802 952.527191832532
 361883.24930670514 195.9001293649192
 233953.70917308936 663.8732393022152
 361883.24930670514 195.9001293649192
 264938.3922832338 694.7479505936768
 361883.24930670514 195.9001293649192
 -217801.7585488703 410.06104535735346
 361883.24930670514 195.9001293649192
 643796.4471466205 380.52334966089893
 361883.24930670514 195.9001293649192
 -1424783.5458672035 468.91414361088715
 361883.24930670514 195.9001293649192
 -1690275.4584952553 235.61491643878801
 361883.24930670514 195.9001293649192
 852820.5687668333 646.6373613348118
 361883.24930670514 195.9001293649192
 808491.5298567985 366.0136221134928
 361883.24930670514 195.9001293649192
 -1509767.0268732428 521.6101953255696
 361883.24930670514 195.9001293649192
 -754003.5251572656 417.093271469488
 361883.24930670514 195.9001293649192
 734147.8087816394 410.0724462623248
 361883.24930670514 195.9001293649192
 -139122.1723548981 714.8991245774642
